The CCLE Results relative to 10206158
CCLE Name	Target	Does	IC50
1321N1	2	.0025	.0080	.025	.080	.25	.80	2.53	8	8	
22Rv1	2	.0025	.0080	.025	.080	.25	.80	2.53	8	8	
42-MG-BA	2	.0025	.0080	.025	.080	.25	.80	2.53	8	5.87059021	
5637	2	.0025	.0080	.025	.080	.25	.80	2.53	8	8	
639-V	2	.0025	.0080	.025	.080	.25	.80	2.53	8	8	
697	2	.0025	.0080	.025	.080	.25	.80	2.53	8	8	
769-P	2	.0025	.0080	.025	.080	.25	.80	2.53	8	1.454271674	
786-O	2	.0025	.0080	.025	.080	.25	.80	2.53	8	8	
8305C	2	.0025	.0080	.025	.080	.25	.80	2.53	8	0.544444621	
8505C	2	.0025	.0080	.025	.080	.25	.80	2.53	8	0.377883375	
8-MG-BA	2	.0025	.0080	.025	.080	.25	.80	2.53	8	8	
A172	2	.0025	.0080	.025	.080	.25	.80	2.53	8	8	
A-204	2	.0025	.0080	.025	.080	.25	.80	2.53	8	5.23065485	
A2058	2	.0025	.0080	.025	.080	.25	.80	2.53	8	0.202899247	
A-253	2	.0025	.0080	.025	.080	.25	.80	2.53	8	8	
A2780	2	.0025	.0080	.025	.080	.25	.80	2.53	8	0.064197071	
A-375	2	.0025	.0080	.025	.080	.25	.80	2.53	8	0.007476748	
A549	2	.0025	.0080	.025	.080	.25	.80	2.53	8	0.171543315	
A-673	2	.0025	.0080	.025	.080	.25	.80	2.53	8	8	
ACHN	2	.0025	.0080	.025	.080	.25	.80	2.53	8	8	
ALL-SIL	2	.0025	.0080	.025	.080	.25	.80	2.53	8	8	
AMO-1	2	.0025	.0080	.025	.080	.25	.80	2.53	8	0.739885271	
AN3 CA	2	.0025	.0080	.025	.080	.25	.80	2.53	8	8	
AsPC-1	2	.0025	.0080	.025	.080	.25	.80	2.53	8	0.138186365	
AU565	2	.0025	.0080	.025	.080	.25	.80	2.53	8	8	
AZ-521	2	.0025	.0080	.025	.080	.25	.80	2.53	8	4.413446426	
B-CPAP	2	.0025	.0080	.025	.080	.25	.80	2.53	8	1.604760051	
BDCM	2	.0025	.0080	.025	.080	.25	.80	2.53	8	0.324745417	
BFTC-909	2	.0025	.0080	.025	.080	.25	.80	2.53	8	8	
BGC-823	2	.0025	.0080	.025	.080	.25	.80	2.53	8	8	
BL-41	2	.0025	.0080	.025	.080	.25	.80	2.53	8	8	
BL-70	2	.0025	.0080	.025	.080	.25	.80	2.53	8	8	
BT-20	2	.0080	.025	.080	.25	.80	2.53	8	8	
BT-474	2	.0025	.0080	.025	.080	.25	.80	2.53	8	8	
BT-549	2	.0025	.0080	.025	.080	.25	.80	2.53	8	8	
BxPC-3	2	.0025	.0080	.025	.080	.25	.80	2.53	8	0.252431244	
C2BBe1	2	.0025	.0080	.025	.080	.25	.80	2.53	8	8	
C32	2	.0025	.0080	.025	.080	.25	.80	2.53	8	0.089522883	
C3A	2	.0025	.0080	.025	.080	.25	.80	2.53	8	0.687534392	
Caki-2	2	.0025	.0080	.025	.080	.25	.80	2.53	8	3.027319193	
CAL-12T	2	.0025	.0080	.025	.080	.25	.80	2.53	8	0.309053719	
CAL 27	2	.0025	.0080	.025	.080	.25	.80	2.53	8	0.133890107	
CAL-78	2	.0025	.0080	.025	.080	.25	.80	2.53	8	8	
CAL-85-1	2	.0025	.0080	.025	.080	.25	.80	2.53	8	0.679533243	
Calu-1	2	.0025	.0080	.025	.080	.25	.80	2.53	8	8	
Calu-3	2	.0025	.0080	.025	.080	.25	.80	2.53	8	3.064517498	
Calu-6	2	.0025	.0080	.025	.080	.25	.80	2.53	8	0.162139654	
CAMA-1	2	.0025	.0080	.025	.080	.25	.80	2.53	8	8	
Capan-2	2	.0025	.0080	.025	.080	.25	.80	2.53	8	0.077857971	
CAS-1	2	.0025	.0080	.025	.080	.25	.80	2.53	8	8	
CCK-81	2	.0025	.0080	.025	.080	.25	.80	2.53	8	0.719762087	
CHL-1	2	.0025	.0080	.025	.080	.25	.80	2.53	8	8	
CHP-212	2	.0025	.0080	.025	.080	.25	.80	2.53	8	0.005780043	
CI-1	2	.0025	.0080	.025	.080	.25	.80	2.53	8	8	
CMK-86	2	.0025	.0080	.025	.080	.25	.80	2.53	8	8	
COLO 201	2	.0025	.0080	.025	.080	.25	.80	2.53	8	0.006378752	
COLO 205	2	.0025	.0080	.025	.080	.25	.80	2.53	8	0.00600136	
COLO-320	2	.0025	.0080	.025	.080	.25	.80	2.53	8	8	
COLO-677	2	.0025	.0080	.025	.080	.25	.80	2.53	8	1.964872479	
COLO-678	2	.0025	.0080	.025	.080	.25	.80	2.53	8	0.227784306	
COLO-679	2	.0025	.0080	.025	.080	.25	.80	2.53	8	0.012509198	
COLO-699	2	.0025	.0080	.025	.080	.25	.80	2.53	8	8	
COLO 741	2	.0025	.0080	.025	.080	.25	.80	2.53	8	0.217735618	
COR-L105	2	.0025	.0080	.025	.080	.25	.80	2.53	8	1.19507885	
COR-L23	2	.0025	.0080	.025	.080	.25	.80	2.53	8	8	
COV318	2	.0025	.0080	.025	.080	.25	.80	2.53	8	8	
COV504	2	.0025	.0080	.025	.080	.25	.80	2.53	8	8	
Daoy	2	.0025	.0080	.025	.080	.25	.80	2.53	8	8	
DBTRG-05MG	2	.0025	.0080	.025	.080	.25	.80	2.53	8	8	
DEL	2	.0025	.0080	.025	.080	.25	.80	2.53	8	8	
Detroit 562	2	.0025	.0080	.025	.080	.25	.80	2.53	8	8	
DK-MG	2	.0025	.0080	.025	.080	.25	.80	2.53	8	8	
DMS 114	2	.0025	.0080	.025	.080	.25	.80	2.53	8	8	
DOHH-2	2	.0025	.0080	.025	.080	.25	.80	2.53	8	8	
DOV13	2	.0025	.0080	.025	.080	.25	.80	2.53	8	8	
DU 145	2	.0025	.0080	.025	.080	.25	.80	2.53	8	8	
DV-90	2	.0025	.0080	.025	.080	.25	.80	2.53	8	0.065534264	
EB1	2	.0025	.0080	.025	.080	.25	.80	2.53	8	8	
EB2	2	.0025	.0080	.025	.080	.25	.80	2.53	8	8	
EBC-1	2	.0025	.0080	.025	.080	.25	.80	2.53	8	0.045943316	
EFE-184	2	.0025	.0080	.025	.080	.25	.80	2.53	8	8	
EFM-19	2	.0025	.0080	.025	.080	.25	.80	2.53	8	8	
EFO-21	2	.0025	.0080	.025	.080	.25	.80	2.53	8	8	
EFO-27	2	.0025	.0080	.025	.080	.25	.80	2.53	8	8	
EM-2	2	.0025	.0080	.025	.080	.25	.80	2.53	8	0.034289107	
EN	2	.0025	.0080	.025	.080	.25	.80	2.53	8	8	
ES-2	2	.0025	.0080	.025	.080	.25	.80	2.53	8	0.131824732	
ESS-1	2	.0025	.0080	.025	.080	.25	.80	2.53	8	8	
F-36P	2	.0025	.0080	.025	.080	.25	.80	2.53	8	0.101642273	
FaDu	2	.0025	.0080	.025	.080	.25	.80	2.53	8	2.066126823	
FU97	2	.0025	.0080	.025	.080	.25	.80	2.53	8	0.362124264	
FU-OV-1	2	.0025	.0080	.025	.080	.25	.80	2.53	8	3.074702978	
G-361	2	.0025	.0080	.025	.080	.25	.80	2.53	8	0.024077827	
G-401	2	.0025	.0080	.025	.080	.25	.80	2.53	8	2.883607388	
G-402	2	.0025	.0080	.025	.080	.25	.80	2.53	8	8	
GAMG	2	.0025	.0080	.025	.080	.25	.80	2.53	8	8	
GB-1	2	.0025	.0080	.025	.080	.25	.80	2.53	8	1.90375483	
GCIY	2	.0025	.0080	.025	.080	.25	.80	2.53	8	5.583405495	
GCT	2	.0025	.0080	.025	.080	.25	.80	2.53	8	8	
GI-1	2	.0025	.0080	.025	.080	.25	.80	2.53	8	8	
GLC-82	2	.0025	.0080	.025	.080	.25	.80	2.53	8	8	
GMS-10	2	.0025	.0080	.025	.080	.25	.80	2.53	8	8	
GRANTA-519	2	.0025	.0080	.025	.080	.25	.80	2.53	8	8	
H4	2	.0025	.0080	.025	.080	.25	.80	2.53	8	8	
HARA	2	.0025	.0080	.025	.080	.25	.80	2.53	8	5.792830944	
HCC1187	2	.0025	.0080	.025	.080	.25	.80	2.53	8	8	
HCC1395	2	.0025	.0080	.025	.080	.25	.80	2.53	8	8	
HCC-15	2	.0025	.0080	.025	.080	.25	.80	2.53	8	8	
HCC1569	2	.0025	.0080	.025	.080	.25	.80	2.53	8	8	
HCC1806	2	.0080	.025	.080	.25	.80	2.53	8	8	
HCC1954	2	.0025	.0080	.025	.080	.25	.80	2.53	8	8	
HCC2935	2	.0025	.0080	.025	.080	.25	.80	2.53	8	8	
HCC4006	2	.0025	.0080	.025	.080	.25	.80	2.53	8	3.165573597	
HCC-44	2	.0025	.0080	.025	.080	.25	.80	2.53	8	3.420663357	
HCC-56	2	.0025	.0080	.025	.080	.25	.80	2.53	8	0.010615913	
HCC70	2	.0025	.0080	.025	.080	.25	.80	2.53	8	1.253405809	
HCC-78	2	.0025	.0080	.025	.080	.25	.80	2.53	8	8	
HCC827	2	.0025	.0080	.025	.080	.25	.80	2.53	8	8	
HCT 116	2	.0025	.0080	.025	.080	.25	.80	2.53	8	0.202401146	
HCT-15	2	.0025	.0080	.025	.080	.25	.80	2.53	8	8	
HD-MY-Z	2	.0025	.0080	.025	.080	.25	.80	2.53	8	0.022050716	
HDQ-P1	2	.0025	.0080	.025	.080	.25	.80	2.53	8	5.738184452	
HEC-151	2	.0025	.0080	.025	.080	.25	.80	2.53	8	0.08198344	
HEC-1-A	2	.0025	.0080	.025	.080	.25	.80	2.53	8	8	
HEC-1-B	2	.0025	.0080	.025	.080	.25	.80	2.53	8	8	
HEC-251	2	.0025	.0080	.025	.080	.25	.80	2.53	8	8	
HEC-265	2	.0025	.0080	.025	.080	.25	.80	2.53	8	8	
HEC-59	2	.0025	.0080	.025	.080	.25	.80	2.53	8	8	
HEC-6	2	.0025	.0080	.025	.080	.25	.80	2.53	8	8	
HEL 92.1.7	2	.0025	.0080	.025	.080	.25	.80	2.53	8	8	
Hep 3B2.1-7	2	.0025	.0080	.025	.080	.25	.80	2.53	8	0.847085655	
Hep G2	2	.0025	.0080	.025	.080	.25	.80	2.53	8	0.022851815	
Hey-A8	2	.0025	.0080	.025	.080	.25	.80	2.53	8	0.636340976	
HGC-27	2	.0025	.0080	.025	.080	.25	.80	2.53	8	8	
HH	2	.0025	.0080	.025	.080	.25	.80	2.53	8	8	
HLE	2	.0025	.0080	.025	.080	.25	.80	2.53	8	8	
HLF	2	.0025	.0080	.025	.080	.25	.80	2.53	8	8	
HMC-1-8	2	.0025	.0080	.025	.080	.25	.80	2.53	8	0.036374319	
HMCB	2	.0025	.0080	.025	.080	.25	.80	2.53	8	5.477803707	
HOS	2	.0025	.0080	.025	.080	.25	.80	2.53	8	8	
HPAC	2	.0025	.0080	.025	.080	.25	.80	2.53	8	0.209011331	
HPAF-II	2	.0025	.0080	.025	.080	.25	.80	2.53	8	0.566682398	
Hs 229.T	2	.0025	.0080	.025	.080	.25	.80	2.53	8	8	
Hs 294T	2	.0025	.0080	.025	.080	.25	.80	2.53	8	8	
Hs 578T	2	.0025	.0080	.025	.080	.25	.80	2.53	8	8	
Hs 683	2	.0025	.0080	.025	.080	.25	.80	2.53	8	8	
Hs 695T	2	.0025	.0080	.025	.080	.25	.80	2.53	8	0.237993121	
Hs 729	2	.0025	.0080	.025	.080	.25	.80	2.53	8	8	
Hs 739.T	2	.0025	.0080	.025	.080	.25	.80	2.53	8	8	
Hs 746T	2	.0025	.0080	.025	.080	.25	.80	2.53	8	2.000169039	
Hs 766T	2	.0025	.0080	.025	.080	.25	.80	2.53	8	0.01714126	
Hs 840.T	2	.0025	.0080	.025	.080	.25	.80	2.53	8	8	
Hs 852.T	2	.0025	.0080	.025	.080	.25	.80	2.53	8	1.339613318	
Hs 895.T	2	.0025	.0080	.025	.080	.25	.80	2.53	8	0.716822829	
Hs 936.T	2	.0025	.0080	.025	.080	.25	.80	2.53	8	0.042563576	
Hs 939.T	2	.0025	.0080	.025	.080	.25	.80	2.53	8	0.041808613	
Hs 944.T	2	.0025	.0080	.025	.080	.25	.80	2.53	8	0.143660545	
HSC-2	2	.0025	.0080	.025	.080	.25	.80	2.53	8	8	
HT	2	.0025	.0080	.025	.080	.25	.80	2.53	8	8	
HT-1080	2	.0025	.0080	.025	.080	.25	.80	2.53	8	0.446043372	
HT-1197	2	.0025	.0080	.025	.080	.25	.80	2.53	8	8	
HT-1376	2	.0025	.0080	.025	.080	.25	.80	2.53	8	8	
HT-144	2	.0025	.0080	.025	.080	.25	.80	2.53	8	0.019130703	
HT-29	2	.0025	.0080	.025	.080	.25	.80	2.53	8	0.011746166	
HuCCT1	2	.0025	.0080	.025	.080	.25	.80	2.53	8	1.695538163	
huH-1	2	.0025	.0080	.025	.080	.25	.80	2.53	8	2.671397686	
HUP-T3	2	.0025	.0080	.025	.080	.25	.80	2.53	8	0.355318874	
HUP-T4	2	.0025	.0080	.025	.080	.25	.80	2.53	8	0.066378251	
HuT 78	2	.0025	.0080	.025	.080	.25	.80	2.53	8	0.017062185	
IA-LM	2	.0025	.0080	.025	.080	.25	.80	2.53	8	8	
IGR-37	2	.0025	.0080	.025	.080	.25	.80	2.53	8	0.021839682	
IGR-39	2	.0025	.0080	.025	.080	.25	.80	2.53	8	6.818576091	
IGROV1	2	.0025	.0080	.025	.080	.25	.80	2.53	8	8	
IM95	2	.0025	.0080	.025	.080	.25	.80	2.53	8	0.19030641	
IMR-32	2	.0080	.025	.080	.25	.80	2.53	8	8	
IPC-298	2	.0025	.0080	.025	.080	.25	.80	2.53	8	0.006270713	
Ishikawa (Heraklio) 02 ER-	2	.0025	.0080	.025	.080	.25	.80	2.53	8	8	
IST-MES1	2	.0025	.0080	.025	.080	.25	.80	2.53	8	8	
IST-MES2	2	.0025	.0080	.025	.080	.25	.80	2.53	8	8	
J82	2	.0025	.0080	.025	.080	.25	.80	2.53	8	8	
JHH-2	2	.0025	.0080	.025	.080	.25	.80	2.53	8	6.222815514	
JHH-4	2	.0025	.0080	.025	.080	.25	.80	2.53	8	2.750053167	
JHH-5	2	.0025	.0080	.025	.080	.25	.80	2.53	8	0.288739204	
JHH-6	2	.0025	.0080	.025	.080	.25	.80	2.53	8	8	
JHH-7	2	.0025	.0080	.025	.080	.25	.80	2.53	8	0.476406842	
JHOS-2	2	.0025	.0080	.025	.080	.25	.80	2.53	8	8	
JHOS-4	2	.0025	.0080	.025	.080	.25	.80	2.53	8	8	
JHUEM-2	2	.0025	.0080	.025	.080	.25	.80	2.53	8	5.034770489	
JM1	2	.0025	.0080	.025	.080	.25	.80	2.53	8	8	
JMSU-1	2	.0025	.0080	.025	.080	.25	.80	2.53	8	1.420838833	
JURKAT	2	.0025	.0080	.025	.080	.25	.80	2.53	8	8	
JVM-3	2	.0025	.0080	.025	.080	.25	.80	2.53	8	8	
K029AX	2	.0025	.0080	.025	.080	.25	.80	2.53	8	0.080208279	
KALS-1	2	.0025	.0080	.025	.080	.25	.80	2.53	8	2.966596365	
KARPAS-299	2	.0025	.0080	.025	.080	.25	.80	2.53	8	0.644625247	
KARPAS-422	2	.0025	.0080	.025	.080	.25	.80	2.53	8	8	
KARPAS-620	2	.0025	.0080	.025	.080	.25	.80	2.53	8	0.015687533	
KASUMI-2	2	.0025	.0080	.025	.080	.25	.80	2.53	8	8	
KCI-MOH1	2	.0025	.0080	.025	.080	.25	.80	2.53	8	0.392702222	
KCL-22	2	.0025	.0080	.025	.080	.25	.80	2.53	8	0.054352019	
KE-39	2	.0025	.0080	.025	.080	.25	.80	2.53	8	6.011958599	
KE-97	2	.0025	.0080	.025	.080	.25	.80	2.53	8	8	
KELLY	2	.0025	.0080	.025	.080	.25	.80	2.53	8	8	
KG-1	2	.0025	.0080	.025	.080	.25	.80	2.53	8	0.371464181	
KHM-1B	2	.0025	.0080	.025	.080	.25	.80	2.53	8	8	
KLE	2	.0025	.0080	.025	.080	.25	.80	2.53	8	8	
KMBC-2	2	.0025	.0080	.025	.080	.25	.80	2.53	8	1.145538807	
KMM-1	2	.0025	.0080	.025	.080	.25	.80	2.53	8	1.129081249	
KMRC-1	2	.0025	.0080	.025	.080	.25	.80	2.53	8	8	
KMRC-2	2	.0025	.0080	.025	.080	.25	.80	2.53	8	8	
KMS-11	2	.0025	.0080	.025	.080	.25	.80	2.53	8	8	
KMS-12-BM	2	.0025	.0080	.025	.080	.25	.80	2.53	8	8	
KMS-26	2	.0025	.0080	.025	.080	.25	.80	2.53	8	8	
KMS-34	2	.0025	.0080	.025	.080	.25	.80	2.53	8	8	
KNS-42	2	.0025	.0080	.025	.080	.25	.80	2.53	8	8	
KNS-60	2	.0025	.0080	.025	.080	.25	.80	2.53	8	8	
KNS-62	2	.0025	.0080	.025	.080	.25	.80	2.53	8	1.194876909	
KNS-81	2	.0025	.0080	.025	.080	.25	.80	2.53	8	8	
KO52	2	.0025	.0080	.025	.080	.25	.80	2.53	8	0.004738287	
KP-1N	2	.0025	.0080	.025	.080	.25	.80	2.53	8	8	
KP-1NL	2	.0025	.0080	.025	.080	.25	.80	2.53	8	8	
KP-2	2	.0025	.0080	.025	.080	.25	.80	2.53	8	0.033684015	
KP-3	2	.0025	.0080	.025	.080	.25	.80	2.53	8	2.182970047	
KP4	2	.0025	.0080	.025	.080	.25	.80	2.53	8	2.774494648	
KP-N-SI9s	2	.0025	.0080	.025	.080	.25	.80	2.53	8	0.098736674	
KU812	2	.0025	.0080	.025	.080	.25	.80	2.53	8	0.042091515	
KURAMOCHI	2	.0025	.0080	.025	.080	.25	.80	2.53	8	8	
KYM-1	2	.0025	.0080	.025	.080	.25	.80	2.53	8	1.93816185	
KYSE-140	2	.0025	.0080	.025	.080	.25	.80	2.53	8	2.105214119	
KYSE-150	2	.0025	.0080	.025	.080	.25	.80	2.53	8	8	
KYSE-180	2	.0025	.0080	.025	.080	.25	.80	2.53	8	8	
KYSE-30	2	.0025	.0080	.025	.080	.25	.80	2.53	8	0.084109992	
KYSE-410	2	.0025	.0080	.025	.080	.25	.80	2.53	8	8	
KYSE-450	2	.0025	.0080	.025	.080	.25	.80	2.53	8	6.272626877	
KYSE-510	2	.0025	.0080	.025	.080	.25	.80	2.53	8	8	
KYSE-520	2	.0025	.0080	.025	.080	.25	.80	2.53	8	2.899242401	
KYSE-70	2	.0025	.0080	.025	.080	.25	.80	2.53	8	0.640863359	
L3.3	2	.0025	.0080	.025	.080	.25	.80	2.53	8	8	
L-363	2	.0025	.0080	.025	.080	.25	.80	2.53	8	8	
L-428	2	.0025	.0080	.025	.080	.25	.80	2.53	8	8	
LC-1/sq-SF	2	.0025	.0080	.025	.080	.25	.80	2.53	8	8	
LCLC-103H	2	.0025	.0080	.025	.080	.25	.80	2.53	8	8	
LN-18	2	.0025	.0080	.025	.080	.25	.80	2.53	8	8	
LN-229	2	.0025	.0080	.025	.080	.25	.80	2.53	8	4.980614185	
LOU-NH91	2	.0025	.0080	.025	.080	.25	.80	2.53	8	8	
LOX IMVI	2	.0025	.0080	.025	.080	.25	.80	2.53	8	1.002676487	
LP-1	2	.0025	.0080	.025	.080	.25	.80	2.53	8	8	
LS123	2	.0025	.0080	.025	.080	.25	.80	2.53	8	8	
LS411N	2	.0025	.0080	.025	.080	.25	.80	2.53	8	0.013036346	
LS513	2	.0025	.0080	.025	.080	.25	.80	2.53	8	0.031874225	
LU99	2	.0025	.0080	.025	.080	.25	.80	2.53	8	0.253714144	
LUDLU-1	2	.0025	.0080	.025	.080	.25	.80	2.53	8	8	
M059J	2	.0025	.0080	.025	.080	.25	.80	2.53	8	8	
Malme-3M	2	.0025	.0080	.025	.080	.25	.80	2.53	8	0.004154827	
MB 157	2	.0025	.0080	.025	.080	.25	.80	2.53	8	8	
MC116	2	.0025	.0080	.025	.080	.25	.80	2.53	8	8	
MCAS	2	.0025	.0080	.025	.080	.25	.80	2.53	8	0.94524008	
MCF7	2	.0025	.0080	.025	.080	.25	.80	2.53	8	8	
MDA-MB-157	2	.0025	.0080	.025	.080	.25	.80	2.53	8	8	
MDA-MB-175-VII	2	.0025	.0080	.025	.080	.25	.80	2.53	8	3.983871937	
MDA-MB-415	2	.0025	.0080	.025	.080	.25	.80	2.53	8	8	
MDA-MB-435S	2	.0025	.0080	.025	.080	.25	.80	2.53	8	0.027077457	
MDA-MB-436	2	.0025	.0080	.025	.080	.25	.80	2.53	8	8	
MDA-MB-453	2	.0025	.0080	.025	.080	.25	.80	2.53	8	2.751912594	
MDA-MB-468	2	.0025	.0080	.025	.080	.25	.80	2.53	8	8	
MEC-1	2	.0025	.0080	.025	.080	.25	.80	2.53	8	8	
MEG-01	2	.0025	.0080	.025	.080	.25	.80	2.53	8	0.276277214	
MEL-HO	2	.0025	.0080	.025	.080	.25	.80	2.53	8	0.01382275	
MES-SA	2	.0025	.0080	.025	.080	.25	.80	2.53	8	8	
MeWo	2	.0025	.0080	.025	.080	.25	.80	2.53	8	8	
MFE-280	2	.0025	.0080	.025	.080	.25	.80	2.53	8	8	
MFE-296	2	.0025	.0080	.025	.080	.25	.80	2.53	8	7.721744537	
MFE-319	2	.0025	.0080	.025	.080	.25	.80	2.53	8	2.332025623	
MG-63	2	.0025	.0080	.025	.080	.25	.80	2.53	8	8	
MHH-ES-1	2	.0025	.0080	.025	.080	.25	.80	2.53	8	0.026637657	
MIA PaCa-2	2	.0025	.0080	.025	.080	.25	.80	2.53	8	0.064959936	
Mino	2	.0025	.0080	.025	.080	.25	.80	2.53	8	8	
MJ	2	.0025	.0080	.025	.080	.25	.80	2.53	8	8	
MKN-45	2	.0025	.0080	.025	.080	.25	.80	2.53	8	0.287491083	
MKN7	2	.0025	.0080	.025	.080	.25	.80	2.53	8	8	
MKN74	2	.0025	.0080	.025	.080	.25	.80	2.53	8	8	
MOG-G-CCM	2	.0025	.0080	.025	.080	.25	.80	2.53	8	8	
MOLP-8	2	.0025	.0080	.025	.080	.25	.80	2.53	8	8	
MOLT-16	2	.0025	.0080	.025	.080	.25	.80	2.53	8	8	
MONO-MAC-1	2	.0025	.0080	.025	.080	.25	.80	2.53	8	8	
MOR/CPR	2	.0025	.0080	.025	.080	.25	.80	2.53	8	8	
MPP 89	2	.0025	.0080	.025	.080	.25	.80	2.53	8	8	
MSTO-211H	2	.0025	.0080	.025	.080	.25	.80	2.53	8	1.102446795	
NCI-H1048	2	.0025	.0080	.025	.080	.25	.80	2.53	8	8	
NCI-H1092	2	.0025	.0080	.025	.080	.25	.80	2.53	8	8	
NCI-H1155	2	.0025	.0080	.025	.080	.25	.80	2.53	8	8	
NCI-H1184	2	.0025	.0080	.025	.080	.25	.80	2.53	8	8	
NCI-H1299	2	.0025	.0080	.025	.080	.25	.80	2.53	8	0.440331429	
NCI-H1339	2	.0025	.0080	.025	.080	.25	.80	2.53	8	8	
NCI-H1341	2	.0025	.0080	.025	.080	.25	.80	2.53	8	8	
NCI-H1355	2	.0025	.0080	.025	.080	.25	.80	2.53	8	0.519260585	
NCI-H1373	2	.0025	.0080	.025	.080	.25	.80	2.53	8	8	
NCI-H1563	2	.0025	.0080	.025	.080	.25	.80	2.53	8	8	
NCI-H1568	2	.0025	.0080	.025	.080	.25	.80	2.53	8	8	
NCI-H1573	2	.0025	.0080	.025	.080	.25	.80	2.53	8	1.578598022	
NCI-H1581	2	.0025	.0080	.025	.080	.25	.80	2.53	8	8	
NCI-H1648	2	.0025	.0080	.025	.080	.25	.80	2.53	8	8	
NCI-H1650	2	.0025	.0080	.025	.080	.25	.80	2.53	8	8	
NCI-H1651	2	.0025	.0080	.025	.080	.25	.80	2.53	8	8	
NCI-H1666	2	.0025	.0080	.025	.080	.25	.80	2.53	8	0.028687071	
NCI-H1693	2	.0025	.0080	.025	.080	.25	.80	2.53	8	8	
NCI-H1694	2	.0025	.0080	.025	.080	.25	.80	2.53	8	8	
NCI-H1703	2	.0025	.0080	.025	.080	.25	.80	2.53	8	8	
NCI-H1792	2	.0025	.0080	.025	.080	.25	.80	2.53	8	0.875140309	
NCI-H1793	2	.0025	.0080	.025	.080	.25	.80	2.53	8	8	
NCI-H1869	2	.0025	.0080	.025	.080	.25	.80	2.53	8	8	
NCI-H1915	2	.0025	.0080	.025	.080	.25	.80	2.53	8	0.146351352	
NCI-H1944	2	.0025	.0080	.025	.080	.25	.80	2.53	8	0.416212499	
NCI-H1975	2	.0025	.0080	.025	.080	.25	.80	2.53	8	3.859478712	
NCI-H2009	2	.0025	.0080	.025	.080	.25	.80	2.53	8	0.734539926	
NCI-H2023	2	.0025	.0080	.025	.080	.25	.80	2.53	8	8	
NCI-H2030	2	.0025	.0080	.025	.080	.25	.80	2.53	8	8	
NCI-H2052	2	.0025	.0080	.025	.080	.25	.80	2.53	8	8	
NCI-H2085	2	.0025	.0080	.025	.080	.25	.80	2.53	8	8	
NCI-H2087	2	.0025	.0080	.025	.080	.25	.80	2.53	8	0.054371227	
NCI-H211	2	.0025	.0080	.025	.080	.25	.80	2.53	8	8	
NCI-H2122	2	.0025	.0080	.025	.080	.25	.80	2.53	8	0.035555024	
NCI-H2170	2	.0025	.0080	.025	.080	.25	.80	2.53	8	8	
NCI-H2172	2	.0025	.0080	.025	.080	.25	.80	2.53	8	8	
NCI-H2228	2	.0025	.0080	.025	.080	.25	.80	2.53	8	3.938598871	
NCI-H226	2	.0080	.025	.080	.25	.80	2.53	8	8	
NCI-H2286	2	.0025	.0080	.025	.080	.25	.80	2.53	8	1.984133124	
NCI-H23	2	.0025	.0080	.025	.080	.25	.80	2.53	8	8	
NCI-H2444	2	.0025	.0080	.025	.080	.25	.80	2.53	8	0.267063349	
NCI-H2452	2	.0025	.0080	.025	.080	.25	.80	2.53	8	8	
NCI-H28	2	.0025	.0080	.025	.080	.25	.80	2.53	8	4.119419098	
NCI-H322	2	.0025	.0080	.025	.080	.25	.80	2.53	8	0.015824527	
NCI-H3255	2	.0025	.0080	.025	.080	.25	.80	2.53	8	6.137561798	
NCI-H358	2	.0025	.0080	.025	.080	.25	.80	2.53	8	0.084666125	
NCI-H441	2	.0025	.0080	.025	.080	.25	.80	2.53	8	8	
NCI-H460	2	.0025	.0080	.025	.080	.25	.80	2.53	8	8	
NCI-H520	2	.0025	.0080	.025	.080	.25	.80	2.53	8	8	
NCI-H522	2	.0025	.0080	.025	.080	.25	.80	2.53	8	8	
NCI-H647	2	.0025	.0080	.025	.080	.25	.80	2.53	8	8	
NCI-H650	2	.0025	.0080	.025	.080	.25	.80	2.53	8	8	
NCI-H661	2	.0025	.0080	.025	.080	.25	.80	2.53	8	8	
NCI-H727	2	.0025	.0080	.025	.080	.25	.80	2.53	8	0.020542197	
NCI-H747	2	.0025	.0080	.025	.080	.25	.80	2.53	8	0.022053087	
NCI-H810	2	.0025	.0080	.025	.080	.25	.80	2.53	8	8	
NCI-N87	2	.0025	.0080	.025	.080	.25	.80	2.53	8	5.074838161	
NCO2	2	.0025	.0080	.025	.080	.25	.80	2.53	8	0.138409436	
NIH:OVCAR-3	2	.0025	.0080	.025	.080	.25	.80	2.53	8	8	
NUGC-3	2	.0025	.0080	.025	.080	.25	.80	2.53	8	8	
NUGC-4	2	.0025	.0080	.025	.080	.25	.80	2.53	8	0.011152006	
OC 314	2	.0025	.0080	.025	.080	.25	.80	2.53	8	8	
OC 315	2	.0025	.0080	.025	.080	.25	.80	2.53	8	8	
OC 316	2	.0025	.0080	.025	.080	.25	.80	2.53	8	8	
OCI-AML2	2	.0025	.0080	.025	.080	.25	.80	2.53	8	0.0025	
OCI-AML5	2	.0025	.0080	.025	.080	.25	.80	2.53	8	0.274631172	
OCI-LY10	2	.0025	.0080	.025	.080	.25	.80	2.53	8	8	
OCUM-1	2	.0025	.0080	.025	.080	.25	.80	2.53	8	0.019374402	
OE21	2	.0025	.0080	.025	.080	.25	.80	2.53	8	0.461666137	
OE33	2	.0025	.0080	.025	.080	.25	.80	2.53	8	1.207887888	
ONCO-DG-1	2	.0025	.0080	.025	.080	.25	.80	2.53	8	8	
ONS-76	2	.0025	.0080	.025	.080	.25	.80	2.53	8	0.045527395	
OPM-2	2	.0025	.0080	.025	.080	.25	.80	2.53	8	8	
OV-90	2	.0025	.0080	.025	.080	.25	.80	2.53	8	0.022402048	
OVCAR-4	2	.0025	.0080	.025	.080	.25	.80	2.53	8	8	
OVCAR-8	2	.0025	.0080	.025	.080	.25	.80	2.53	8	8	
OVMANA	2	.0025	.0080	.025	.080	.25	.80	2.53	8	8	
OVSAHO	2	.0025	.0080	.025	.080	.25	.80	2.53	8	8	
OVTOKO	2	.0025	.0080	.025	.080	.25	.80	2.53	8	8	
P12-ICHIKAWA	2	.0025	.0080	.025	.080	.25	.80	2.53	8	8	
P31/FUJ	2	.0025	.0080	.025	.080	.25	.80	2.53	8	0.020692002	
P3HR-1	2	.0025	.0080	.025	.080	.25	.80	2.53	8	8	
Panc 02.03	2	.0025	.0080	.025	.080	.25	.80	2.53	8	0.019754883	
Panc 03.27	2	.0025	.0080	.025	.080	.25	.80	2.53	8	2.416165352	
Panc 04.03	2	.0025	.0080	.025	.080	.25	.80	2.53	8	0.380417019	
Panc 10.05	2	.0025	.0080	.025	.080	.25	.80	2.53	8	0.32165724	
PA-TU-8902	2	.0025	.0080	.025	.080	.25	.80	2.53	8	8	
PC-14	2	.0025	.0080	.025	.080	.25	.80	2.53	8	8	
PC-3	2	.0025	.0080	.025	.080	.25	.80	2.53	8	8	
Pfeiffer	2	.0025	.0080	.025	.080	.25	.80	2.53	8	8	
PK-1	2	.0025	.0080	.025	.080	.25	.80	2.53	8	0.952850282	
PK-45H	2	.0025	.0080	.025	.080	.25	.80	2.53	8	0.035253178	
PK-59	2	.0025	.0080	.025	.080	.25	.80	2.53	8	0.490049899	
PL45	2	.0025	.0080	.025	.080	.25	.80	2.53	8	0.603661001	
PLC/PRF/5	2	.0025	.0080	.025	.080	.25	.80	2.53	8	8	
PSN1	2	.0025	.0080	.025	.080	.25	.80	2.53	8	0.246631786	
QGP-1	2	.0025	.0080	.025	.080	.25	.80	2.53	8	0.085503943	
Raji	2	.0025	.0080	.025	.080	.25	.80	2.53	8	8	
RD	2	.0025	.0080	.025	.080	.25	.80	2.53	8	0.25415495	
Reh	2	.0025	.0080	.025	.080	.25	.80	2.53	8	8	
RERF-GC-1B	2	.0025	.0080	.025	.080	.25	.80	2.53	8	8	
RERF-LC-AI	2	.0025	.0080	.025	.080	.25	.80	2.53	8	8	
RERF-LC-MS	2	.0025	.0080	.025	.080	.25	.80	2.53	8	8	
RKN	2	.0025	.0080	.025	.080	.25	.80	2.53	8	0.200356334	
RKO	2	.0025	.0080	.025	.080	.25	.80	2.53	8	0.123916917	
RL95-2	2	.0025	.0080	.025	.080	.25	.80	2.53	8	0.063616872	
RPMI-7951	2	.0025	.0080	.025	.080	.25	.80	2.53	8	8	
RPMI-8402	2	.0025	.0080	.025	.080	.25	.80	2.53	8	8	
RT-112	2	.0025	.0080	.025	.080	.25	.80	2.53	8	0.468805701	
RT4	2	.0025	.0080	.025	.080	.25	.80	2.53	8	8	
RVH-421	2	.0025	.0080	.025	.080	.25	.80	2.53	8	0.019136582	
Saos-2	2	.0025	.0080	.025	.080	.25	.80	2.53	8	8	
SBC-5	2	.0025	.0080	.025	.080	.25	.80	2.53	8	1.338297009	
SCaBER	2	.0025	.0080	.025	.080	.25	.80	2.53	8	1.84317863	
SCC-25	2	.0025	.0080	.025	.080	.25	.80	2.53	8	3.133640528	
SCC-9	2	.0025	.0080	.025	.080	.25	.80	2.53	8	0.489884287	
SF126	2	.0025	.0080	.025	.080	.25	.80	2.53	8	6.89561224	
SF-295	2	.0025	.0080	.025	.080	.25	.80	2.53	8	8	
SF8657	2	.0025	.0080	.025	.080	.25	.80	2.53	8	2.783416748	
SH-10-TC	2	.0025	.0080	.025	.080	.25	.80	2.53	8	8	
SHP-77	2	.0025	.0080	.025	.080	.25	.80	2.53	8	8	
SIG-M5	2	.0025	.0080	.025	.080	.25	.80	2.53	8	0.002542614	
SIMA	2	.0025	.0080	.025	.080	.25	.80	2.53	8	1.338009119	
SJRH30	2	.0025	.0080	.025	.080	.25	.80	2.53	8	8	
SJSA-1	2	.0025	.0080	.025	.080	.25	.80	2.53	8	8	
SK-BR-3	2	.0025	.0080	.025	.080	.25	.80	2.53	8	8	
SK-CO-1	2	.0025	.0080	.025	.080	.25	.80	2.53	8	0.127512574	
SK-ES-1	2	.0025	.0080	.025	.080	.25	.80	2.53	8	8	
SK-HEP-1	2	.0025	.0080	.025	.080	.25	.80	2.53	8	8	
SK-LMS-1	2	.0025	.0080	.025	.080	.25	.80	2.53	8	2.32338357	
SK-LU-1	2	.0025	.0080	.025	.080	.25	.80	2.53	8	8	
SK-MEL-2	2	.0025	.0080	.025	.080	.25	.80	2.53	8	0.233818457	
SK-MEL-24	2	.0025	.0080	.025	.080	.25	.80	2.53	8	0.080252647	
SK-MEL-30	2	.0025	.0080	.025	.080	.25	.80	2.53	8	0.012090529	
SK-MEL-31	2	.0025	.0080	.025	.080	.25	.80	2.53	8	8	
SK-MEL-5	2	.0025	.0080	.025	.080	.25	.80	2.53	8	0.013439163	
SK-MES-1	2	.0025	.0080	.025	.080	.25	.80	2.53	8	0.864690185	
SK-MM-2	2	.0025	.0080	.025	.080	.25	.80	2.53	8	8	
SK-N-AS	2	.0025	.0080	.025	.080	.25	.80	2.53	8	0.056742616	
SK-N-BE(2)	2	.0025	.0080	.025	.080	.25	.80	2.53	8	2.463804245	
SK-N-DZ	2	.0025	.0080	.025	.080	.25	.80	2.53	8	8	
SK-N-FI	2	.0025	.0080	.025	.080	.25	.80	2.53	8	8	
SK-N-SH	2	.0025	.0080	.025	.080	.25	.80	2.53	8	8	
SK-OV-3	2	.0025	.0080	.025	.080	.25	.80	2.53	8	8	
SNG-M	2	.0025	.0080	.025	.080	.25	.80	2.53	8	8	
SNU-1	2	.0025	.0080	.025	.080	.25	.80	2.53	8	0.07532502	
SNU-16	2	.0025	.0080	.025	.080	.25	.80	2.53	8	8	
SNU-182	2	.0025	.0080	.025	.080	.25	.80	2.53	8	8	
SNU-387	2	.0025	.0080	.025	.080	.25	.80	2.53	8	8	
SNU-398	2	.0025	.0080	.025	.080	.25	.80	2.53	8	1.226284981	
SNU-423	2	.0025	.0080	.025	.080	.25	.80	2.53	8	8	
SNU-449	2	.0025	.0080	.025	.080	.25	.80	2.53	8	8	
SNU-475	2	.0025	.0080	.025	.080	.25	.80	2.53	8	8	
SNU-C2A	2	.0025	.0080	.025	.080	.25	.80	2.53	8	8	
SNU-C2B	2	.0025	.0080	.025	.080	.25	.80	2.53	8	1.027768612	
Sq-1	2	.0025	.0080	.025	.080	.25	.80	2.53	8	2.799669504	
SU.86.86	2	.0025	.0080	.025	.080	.25	.80	2.53	8	8	
SU-DHL-10	2	.0025	.0080	.025	.080	.25	.80	2.53	8	8	
SU-DHL-4	2	.0025	.0080	.025	.080	.25	.80	2.53	8	8	
SU-DHL-6	2	.0025	.0080	.025	.080	.25	.80	2.53	8	8	
SU-DHL-8	2	.0025	.0080	.025	.080	.25	.80	2.53	8	8	
SUIT-2	2	.0025	.0080	.025	.080	.25	.80	2.53	8	0.168788165	
SUP-M2	2	.0025	.0080	.025	.080	.25	.80	2.53	8	1.158368349	
SUP-T1	2	.0025	.0080	.025	.080	.25	.80	2.53	8	8	
SW 1088	2	.0025	.0080	.025	.080	.25	.80	2.53	8	8	
SW 1271	2	.0025	.0080	.025	.080	.25	.80	2.53	8	0.665258825	
SW 1353	2	.0025	.0080	.025	.080	.25	.80	2.53	8	8	
SW1417	2	.0025	.0080	.025	.080	.25	.80	2.53	8	0.047472205	
SW 1573	2	.0025	.0080	.025	.080	.25	.80	2.53	8	8	
SW 1990	2	.0025	.0080	.025	.080	.25	.80	2.53	8	0.225805432	
SW403	2	.0025	.0080	.025	.080	.25	.80	2.53	8	0.015975719	
SW48	2	.0025	.0080	.025	.080	.25	.80	2.53	8	0.008396589	
SW480	2	.0025	.0080	.025	.080	.25	.80	2.53	8	0.186506376	
SW579	2	.0025	.0080	.025	.080	.25	.80	2.53	8	5.793187141	
SW620	2	.0025	.0080	.025	.080	.25	.80	2.53	8	0.00991583	
SW 780	2	.0025	.0080	.025	.080	.25	.80	2.53	8	0.288278252	
SW 900	2	.0025	.0080	.025	.080	.25	.80	2.53	8	4.372600087	
T24	2	.0025	.0080	.025	.080	.25	.80	2.53	8	8	
T3M-10	2	.0025	.0080	.025	.080	.25	.80	2.53	8	0.686679423	
T-47D	2	.0025	.0080	.025	.080	.25	.80	2.53	8	8	
T84	2	.0025	.0080	.025	.080	.25	.80	2.53	8	8	
T98G	2	.0025	.0080	.025	.080	.25	.80	2.53	8	8	
TC-71	2	.0025	.0080	.025	.080	.25	.80	2.53	8	8	
TCCSUP	2	.0025	.0080	.025	.080	.25	.80	2.53	8	8	
TE-1	2	.0025	.0080	.025	.080	.25	.80	2.53	8	8	
TE-11	2	.0025	.0080	.025	.080	.25	.80	2.53	8	3.257377863	
TE-15	2	.0025	.0080	.025	.080	.25	.80	2.53	8	0.129075423	
TE-5	2	.0025	.0080	.025	.080	.25	.80	2.53	8	8	
TE 617.T	2	.0025	.0080	.025	.080	.25	.80	2.53	8	1.004896998	
TE-9	2	.0025	.0080	.025	.080	.25	.80	2.53	8	8	
TEN	2	.0025	.0080	.025	.080	.25	.80	2.53	8	8	
Toledo	2	.0025	.0080	.025	.080	.25	.80	2.53	8	8	
TOV-112D	2	.0025	.0080	.025	.080	.25	.80	2.53	8	8	
TOV-21G	2	.0025	.0080	.025	.080	.25	.80	2.53	8	8	
TT2609-C02	2	.0025	.0080	.025	.080	.25	.80	2.53	8	0.029214961	
TYK-nu	2	.0025	.0080	.025	.080	.25	.80	2.53	8	3.710018873	
U-118 MG	2	.0080	.025	.080	.25	.80	2.53	8	8	
U-2 OS	2	.0025	.0080	.025	.080	.25	.80	2.53	8	5.427963257	
U-87 MG	2	.0025	.0080	.025	.080	.25	.80	2.53	8	6.600532055	
U-937	2	.0025	.0080	.025	.080	.25	.80	2.53	8	2.201559782	
UACC-257	2	.0025	.0080	.025	.080	.25	.80	2.53	8	0.019956499	
UACC-62	2	.0025	.0080	.025	.080	.25	.80	2.53	8	0.010513669	
UACC-812	2	.0025	.0080	.025	.080	.25	.80	2.53	8	0.036591209	
UM-UC-3	2	.0025	.0080	.025	.080	.25	.80	2.53	8	8	
VMRC-LCD	2	.0025	.0080	.025	.080	.25	.80	2.53	8	8	
VMRC-RCW	2	.0025	.0080	.025	.080	.25	.80	2.53	8	8	
VMRC-RCZ	2	.0025	.0080	.025	.080	.25	.80	2.53	8	8	
WM-115	2	.0025	.0080	.025	.080	.25	.80	2.53	8	0.555520535	
WM1799	2	.0025	.0080	.025	.080	.25	.80	2.53	8	0.036501385	
WM-266-4	2	.0025	.0080	.025	.080	.25	.80	2.53	8	0.019812323	
WM-793	2	.0025	.0080	.025	.080	.25	.80	2.53	8	0.22173892	
WM-88	2	.0025	.0080	.025	.080	.25	.80	2.53	8	0.003394654	
WM-983B	2	.0025	.0080	.025	.080	.25	.80	2.53	8	0.006414421	
YKG1	2	.0025	.0080	.025	.080	.25	.80	2.53	8	8	
ZR-75-1	2	.0025	.0080	.025	.080	.25	.80	2.53	8	8	
ZR-75-30	2	.0025	.0080	.025	.080	.25	.80	2.53	8	8	
