The CCLE Results relative to 644241
CCLE Name	Target	Does	IC50
22Rv1	2	.0025,.0080,.025,.080,.25,.80,2.53,8	8	
5637	2	.0025,.0080,.025,.080,.25,.80,2.53,8	7.475354671	
639-V	2	.0025,.0080,.025,.080,.25,.80,2.53,8	8	
697	2	.0025,.0080,.025,.080,.25,.80,2.53,8	1.910434365	
769-P	2	.0025,.0080,.025,.080,.25,.80,2.53,8	8	
786-O	2	.0025,.0080,.025,.080,.25,.80,2.53,8	8	
8305C	2	.0025,.0080,.025,.080,.25,.80,2.53,8	5.635250228	
8505C	2	.0025,.0080,.025,.080,.25,.80,2.53,8	6.852528572	
A172	2	.0025,.0080,.025,.080,.25,.80,2.53,8	8	
A-204	2	.0025,.0080,.025,.080,.25,.80,2.53,8	1.081994414	
A2058	2	.0025,.0080,.025,.080,.25,.80,2.53,8	8	
A-253	2	.0025,.0080,.025,.080,.25,.80,2.53,8	8	
A2780	2	.0025,.0080,.025,.080,.25,.80,2.53,8	6.804694176	
A-375	2	.0025,.0080,.025,.080,.25,.80,2.53,8	8	
A549	2	.0025,.0080,.025,.080,.25,.80,2.53,8	6.0388937	
ALL-SIL	2	.0025,.0080,.025,.080,.25,.80,2.53,8	0.002952101	
AMO-1	2	.0025,.0080,.025,.080,.25,.80,2.53,8	2.226455688	
AN3 CA	2	.0025,.0080,.025,.080,.25,.80,2.53,8	8	
AsPC-1	2	.0025,.0080,.025,.080,.25,.80,2.53,8	8	
AU565	2	.0025,.0080,.025,.080,.25,.80,2.53,8	7.879194736	
AZ-521	2	.0025,.0080,.025,.080,.25,.80,2.53,8	8	
B-CPAP	2	.0025,.0080,.025,.080,.25,.80,2.53,8	7.456087112	
BDCM	2	.0025,.0080,.025,.080,.25,.80,2.53,8	8	
BFTC-909	2	.0025,.0080,.025,.080,.25,.80,2.53,8	8	
BGC-823	2	.0025,.0080,.025,.080,.25,.80,2.53,8	8	
BL-41	2	.0025,.0080,.025,.080,.25,.80,2.53,8	8	
BL-70	2	.0025,.0080,.025,.080,.25,.80,2.53,8	8	
BT-20	2	.0025,.0080,.025,.080,.25,.80,2.53,8	8	
BT-474	2	.0025,.0080,.025,.080,.25,.80,2.53,8	6.892540932	
BT-549	2	.0025,.0080,.025,.080,.25,.80,2.53,8	8	
C2BBe1	2	.0025,.0080,.025,.080,.25,.80,2.53,8	6.82102108	
C32	2	.0025,.0080,.025,.080,.25,.80,2.53,8	8	
Caki-2	2	.0025,.0080,.025,.080,.25,.80,2.53,8	8	
CAL-78	2	.0025,.0080,.025,.080,.25,.80,2.53,8	8	
CAL-85-1	2	.0025,.0080,.025,.080,.25,.80,2.53,8	8	
Calu-1	2	.0025,.0080,.025,.080,.25,.80,2.53,8	8	
Calu-3	2	.0025,.0080,.025,.080,.25,.80,2.53,8	8	
CAMA-1	2	.0025,.0080,.025,.080,.25,.80,2.53,8	6.332070827	
Capan-2	2	.0025,.0080,.025,.080,.25,.80,2.53,8	0.062944786	
CAS-1	2	.0025,.0080,.025,.080,.25,.80,2.53,8	8	
CHL-1	2	.0025,.0080,.025,.080,.25,.80,2.53,8	8	
CI-1	2	.0025,.0080,.025,.080,.25,.80,2.53,8	8	
CMK-86	2	.0025,.0080,.025,.080,.25,.80,2.53,8	8	
COLO 201	2	.0025,.0080,.025,.080,.25,.80,2.53,8	8	
COLO 205	2	.0025,.0080,.025,.080,.25,.80,2.53,8	8	
COLO-320	2	.0025,.0080,.025,.080,.25,.80,2.53,8	4.991260529	
COLO-677	2	.0025,.0080,.025,.080,.25,.80,2.53,8	6.751279831	
COLO-678	2	.0025,.0080,.025,.080,.25,.80,2.53,8	8	
COLO-679	2	.0025,.0080,.025,.080,.25,.80,2.53,8	7.357892513	
COLO-699	2	.0025,.0080,.025,.080,.25,.80,2.53,8	3.351381302	
COR-L23	2	.0025,.0080,.025,.080,.25,.80,2.53,8	8	
COV318	2	.0025,.0080,.025,.080,.25,.80,2.53,8	7.686830521	
COV504	2	.0025,.0080,.025,.080,.25,.80,2.53,8	8	
Daoy	2	.0025,.0080,.025,.080,.25,.80,2.53,8	8	
DBTRG-05MG	2	.0025,.0080,.025,.080,.25,.80,2.53,8	8	
DEL	2	.0025,.0080,.025,.080,.25,.80,2.53,8	6.26444149	
Detroit 562	2	.0025,.0080,.025,.080,.25,.80,2.53,8	8	
DK-MG	2	.0025,.0080,.025,.080,.25,.80,2.53,8	8	
DMS 114	2	.0080,.025,.080,.25,.80,2.53,8	6.058652401	
DOHH-2	2	.0025,.0080,.025,.080,.25,.80,2.53,8	8	
DOV13	2	.0025,.0080,.025,.080,.25,.80,2.53,8	8	
DU 145	2	.0025,.0080,.025,.080,.25,.80,2.53,8	8	
EB1	2	.0025,.0080,.025,.080,.25,.80,2.53,8	8	
EB2	2	.0025,.0080,.025,.080,.25,.80,2.53,8	8	
EBC-1	2	.0025,.0080,.025,.080,.25,.80,2.53,8	8	
EFE-184	2	.0025,.0080,.025,.080,.25,.80,2.53,8	8	
EFM-19	2	.0025,.0080,.025,.080,.25,.80,2.53,8	8	
EFO-21	2	.0025,.0080,.025,.080,.25,.80,2.53,8	8	
EFO-27	2	.0025,.0080,.025,.080,.25,.80,2.53,8	8	
EM-2	2	.0025,.0080,.025,.080,.25,.80,2.53,8	0.007538102	
EN	2	.0025,.0080,.025,.080,.25,.80,2.53,8	8	
F-36P	2	.0025,.0080,.025,.080,.25,.80,2.53,8	6.25021553	
FaDu	2	.0025,.0080,.025,.080,.25,.80,2.53,8	5.612988949	
FU-OV-1	2	.0025,.0080,.025,.080,.25,.80,2.53,8	8	
G-361	2	.0025,.0080,.025,.080,.25,.80,2.53,8	8	
G-401	2	.0025,.0080,.025,.080,.25,.80,2.53,8	8	
GB-1	2	.0025,.0080,.025,.080,.25,.80,2.53,8	8	
GCIY	2	.0025,.0080,.025,.080,.25,.80,2.53,8	6.325265884	
GCT	2	.0025,.0080,.025,.080,.25,.80,2.53,8	8	
GLC-82	2	.0025,.0080,.025,.080,.25,.80,2.53,8	8	
GMS-10	2	.0025,.0080,.025,.080,.25,.80,2.53,8	8	
GRANTA-519	2	.0025,.0080,.025,.080,.25,.80,2.53,8	0.379206822	
H4	2	.0025,.0080,.025,.080,.25,.80,2.53,8	7.630359173	
HCC1187	2	.0025,.0080,.025,.080,.25,.80,2.53,8	8	
HCC-15	2	.0025,.0080,.025,.080,.25,.80,2.53,8	8	
HCC1569	2	.0025,.0080,.025,.080,.25,.80,2.53,8	8	
HCC1806	2	.0025,.0080,.025,.080,.25,.80,2.53,8	7.519812584	
HCC1954	2	.0025,.0080,.025,.080,.25,.80,2.53,8	5.009234905	
HCC2935	2	.0025,.0080,.025,.080,.25,.80,2.53,8	8	
HCC4006	2	.0025,.0080,.025,.080,.25,.80,2.53,8	7.44418478	
HCC-56	2	.0025,.0080,.025,.080,.25,.80,2.53,8	8	
HCC70	2	.0025,.0080,.025,.080,.25,.80,2.53,8	8	
HCC-78	2	.0025,.0080,.025,.080,.25,.80,2.53,8	8	
HCT 116	2	.0025,.0080,.025,.080,.25,.80,2.53,8	8	
HCT-15	2	.0025,.0080,.025,.080,.25,.80,2.53,8	6.496217728	
HDQ-P1	2	.0025,.0080,.025,.080,.25,.80,2.53,8	0.125851952	
HEC-151	2	.0025,.0080,.025,.080,.25,.80,2.53,8	7.333292961	
HEC-1-A	2	.0025,.0080,.025,.080,.25,.80,2.53,8	6.968556881	
HEC-1-B	2	.0025,.0080,.025,.080,.25,.80,2.53,8	4.339510496	
HEC-251	2	.0025,.0080,.025,.080,.25,.80,2.53,8	8	
HEC-265	2	.0025,.0080,.025,.080,.25,.80,2.53,8	8	
HEC-59	2	.0025,.0080,.025,.080,.25,.80,2.53,8	8	
HEC-6	2	.0025,.0080,.025,.080,.25,.80,2.53,8	2.039887553	
HEL 92.1.7	2	.0025,.0080,.025,.080,.25,.80,2.53,8	8	
Hep 3B2.1-7	2	.0025,.0080,.025,.080,.25,.80,2.53,8	4.14665699	
Hep G2	2	.0025,.0080,.025,.080,.25,.80,2.53,8	8	
Hey-A8	2	.0025,.0080,.025,.080,.25,.80,2.53,8	8	
HGC-27	2	.0025,.0080,.025,.080,.25,.80,2.53,8	5.899519444	
HH	2	.0025,.0080,.025,.080,.25,.80,2.53,8	8	
HLE	2	.0025,.0080,.025,.080,.25,.80,2.53,8	8	
HLF	2	.0025,.0080,.025,.080,.25,.80,2.53,8	8	
HMC-1-8	2	.0025,.0080,.025,.080,.25,.80,2.53,8	8	
HMCB	2	.0025,.0080,.025,.080,.25,.80,2.53,8	7.181233406	
HOS	2	.0025,.0080,.025,.080,.25,.80,2.53,8	8	
HPAC	2	.0025,.0080,.025,.080,.25,.80,2.53,8	7.072412014	
Hs 229.T	2	.0025,.0080,.025,.080,.25,.80,2.53,8	8	
Hs 294T	2	.0025,.0080,.025,.080,.25,.80,2.53,8	8	
Hs 578T	2	.0025,.0080,.025,.080,.25,.80,2.53,8	8	
Hs 683	2	.0025,.0080,.025,.080,.25,.80,2.53,8	8	
Hs 695T	2	.0025,.0080,.025,.080,.25,.80,2.53,8	8	
Hs 739.T	2	.0025,.0080,.025,.080,.25,.80,2.53,8	8	
Hs 746T	2	.0025,.0080,.025,.080,.25,.80,2.53,8	6.016578197	
Hs 766T	2	.0025,.0080,.025,.080,.25,.80,2.53,8	8	
Hs 840.T	2	.0025,.0080,.025,.080,.25,.80,2.53,8	8	
Hs 852.T	2	.0025,.0080,.025,.080,.25,.80,2.53,8	7.286914825	
Hs 895.T	2	.0025,.0080,.025,.080,.25,.80,2.53,8	4.720332146	
Hs 936.T	2	.0025,.0080,.025,.080,.25,.80,2.53,8	8	
Hs 939.T	2	.0025,.0080,.025,.080,.25,.80,2.53,8	7.080129623	
Hs 944.T	2	.0025,.0080,.025,.080,.25,.80,2.53,8	8	
HSC-2	2	.0025,.0080,.025,.080,.25,.80,2.53,8	8	
HT	2	.0025,.0080,.025,.080,.25,.80,2.53,8	8	
HT-1197	2	.0025,.0080,.025,.080,.25,.80,2.53,8	8	
HT-1376	2	.0025,.0080,.025,.080,.25,.80,2.53,8	8	
HT-144	2	.0025,.0080,.025,.080,.25,.80,2.53,8	4.633401871	
HT-29	2	.0025,.0080,.025,.080,.25,.80,2.53,8	8	
HuCCT1	2	.0025,.0080,.025,.080,.25,.80,2.53,8	8	
huH-1	2	.0025,.0080,.025,.080,.25,.80,2.53,8	8	
HUP-T3	2	.0025,.0080,.025,.080,.25,.80,2.53,8	8	
HUP-T4	2	.0025,.0080,.025,.080,.25,.80,2.53,8	5.09538269	
HuT 78	2	.0025,.0080,.025,.080,.25,.80,2.53,8	0.426970909	
IA-LM	2	.0025,.0080,.025,.080,.25,.80,2.53,8	8	
IGR-37	2	.0025,.0080,.025,.080,.25,.80,2.53,8	8	
IGR-39	2	.0025,.0080,.025,.080,.25,.80,2.53,8	8	
IGROV1	2	.0025,.0080,.025,.080,.25,.80,2.53,8	8	
IM95	2	.0025,.0080,.025,.080,.25,.80,2.53,8	8	
IMR-32	2	.0025,.0080,.025,.080,.25,.80,2.53,8	8	
IPC-298	2	.0025,.0080,.025,.080,.25,.80,2.53,8	8	
IST-MES1	2	.0025,.0080,.025,.080,.25,.80,2.53,8	0.893207331	
IST-MES2	2	.0025,.0080,.025,.080,.25,.80,2.53,8	3.565156339	
JHH-2	2	.0025,.0080,.025,.080,.25,.80,2.53,8	8	
JHH-4	2	.0025,.0080,.025,.080,.25,.80,2.53,8	8	
JHH-6	2	.0025,.0080,.025,.080,.25,.80,2.53,8	8	
JHOS-2	2	.0025,.0080,.025,.080,.25,.80,2.53,8	8	
JHOS-4	2	.0025,.0080,.025,.080,.25,.80,2.53,8	4.287676811	
JM1	2	.0025,.0080,.025,.080,.25,.80,2.53,8	7.700304031	
JMSU-1	2	.0025,.0080,.025,.080,.25,.80,2.53,8	5.011620998	
JURKAT	2	.0025,.0080,.025,.080,.25,.80,2.53,8	8	
JVM-3	2	.0025,.0080,.025,.080,.25,.80,2.53,8	2.293517775	
K029AX	2	.0025,.0080,.025,.080,.25,.80,2.53,8	8	
KALS-1	2	.0025,.0080,.025,.080,.25,.80,2.53,8	8	
KARPAS-299	2	.0025,.0080,.025,.080,.25,.80,2.53,8	8	
KARPAS-422	2	.0025,.0080,.025,.080,.25,.80,2.53,8	8	
KARPAS-620	2	.0025,.0080,.025,.080,.25,.80,2.53,8	8	
KASUMI-2	2	.0025,.0080,.025,.080,.25,.80,2.53,8	7.463879585	
KCL-22	2	.0025,.0080,.025,.080,.25,.80,2.53,8	0.013746729	
KE-39	2	.0025,.0080,.025,.080,.25,.80,2.53,8	4.791784763	
KE-97	2	.0025,.0080,.025,.080,.25,.80,2.53,8	8	
KG-1	2	.0025,.0080,.025,.080,.25,.80,2.53,8	8	
KHM-1B	2	.0025,.0080,.025,.080,.25,.80,2.53,8	2.321830997	
KLE	2	.0025,.0080,.025,.080,.25,.80,2.53,8	8	
KMBC-2	2	.0025,.0080,.025,.080,.25,.80,2.53,8	8	
KMM-1	2	.0025,.0080,.025,.080,.25,.80,2.53,8	2.917067289	
KMRC-1	2	.0025,.0080,.025,.080,.25,.80,2.53,8	8	
KMRC-2	2	.0025,.0080,.025,.080,.25,.80,2.53,8	8	
KMS-11	2	.0025,.0080,.025,.080,.25,.80,2.53,8	4.221470356	
KMS-12-BM	2	.0025,.0080,.025,.080,.25,.80,2.53,8	8	
KMS-26	2	.0025,.0080,.025,.080,.25,.80,2.53,8	6.001347065	
KMS-34	2	.0025,.0080,.025,.080,.25,.80,2.53,8	3.499485731	
KNS-42	2	.0025,.0080,.025,.080,.25,.80,2.53,8	8	
KNS-60	2	.0025,.0080,.025,.080,.25,.80,2.53,8	8	
KNS-81	2	.0025,.0080,.025,.080,.25,.80,2.53,8	8	
KO52	2	.0025,.0080,.025,.080,.25,.80,2.53,8	8	
KP-1N	2	.0025,.0080,.025,.080,.25,.80,2.53,8	8	
KP-1NL	2	.0025,.0080,.025,.080,.25,.80,2.53,8	8	
KP-2	2	.0025,.0080,.025,.080,.25,.80,2.53,8	8	
KP-3	2	.0025,.0080,.025,.080,.25,.80,2.53,8	8	
KP4	2	.0025,.0080,.025,.080,.25,.80,2.53,8	8	
KP-N-SI9s	2	.0025,.0080,.025,.080,.25,.80,2.53,8	5.412808418	
KU812	2	.0025,.0080,.025,.080,.25,.80,2.53,8	0.016822226	
KURAMOCHI	2	.0025,.0080,.025,.080,.25,.80,2.53,8	8	
KYSE-30	2	.0025,.0080,.025,.080,.25,.80,2.53,8	8	
KYSE-410	2	.0025,.0080,.025,.080,.25,.80,2.53,8	5.128837109	
KYSE-520	2	.0025,.0080,.025,.080,.25,.80,2.53,8	6.504006386	
L3.3	2	.0025,.0080,.025,.080,.25,.80,2.53,8	8	
L-363	2	.0025,.0080,.025,.080,.25,.80,2.53,8	8	
L-428	2	.0025,.0080,.025,.080,.25,.80,2.53,8	6.550229549	
LC-1/sq-SF	2	.0025,.0080,.025,.080,.25,.80,2.53,8	8	
LCLC-103H	2	.0025,.0080,.025,.080,.25,.80,2.53,8	8	
LN-18	2	.0025,.0080,.025,.080,.25,.80,2.53,8	8	
LN-229	2	.0025,.0080,.025,.080,.25,.80,2.53,8	6.401216984	
LOU-NH91	2	.0025,.0080,.025,.080,.25,.80,2.53,8	8	
LP-1	2	.0025,.0080,.025,.080,.25,.80,2.53,8	4.030470371	
LS123	2	.0025,.0080,.025,.080,.25,.80,2.53,8	8	
LS513	2	.0025,.0080,.025,.080,.25,.80,2.53,8	8	
LU99	2	.0025,.0080,.025,.080,.25,.80,2.53,8	8	
LUDLU-1	2	.0025,.0080,.025,.080,.25,.80,2.53,8	4.289455414	
M059J	2	.0025,.0080,.025,.080,.25,.80,2.53,8	8	
Malme-3M	2	.0025,.0080,.025,.080,.25,.80,2.53,8	4.411684036	
MB 157	2	.0025,.0080,.025,.080,.25,.80,2.53,8	3.224921905	
MC116	2	.0025,.0080,.025,.080,.25,.80,2.53,8	8	
MCAS	2	.0025,.0080,.025,.080,.25,.80,2.53,8	8	
MCF7	2	.0025,.0080,.025,.080,.25,.80,2.53,8	8	
MDA-MB-157	2	.0025,.0080,.025,.080,.25,.80,2.53,8	8	
MDA-MB-175-VII	2	.0025,.0080,.025,.080,.25,.80,2.53,8	8	
MDA-MB-415	2	.0025,.0080,.025,.080,.25,.80,2.53,8	3.974702597	
MDA-MB-435S	2	.0025,.0080,.025,.080,.25,.80,2.53,8	6.421111584	
MDA-MB-436	2	.0025,.0080,.025,.080,.25,.80,2.53,8	8	
MDA-MB-453	2	.0025,.0080,.025,.080,.25,.80,2.53,8	8	
MDA-MB-468	2	.0025,.0080,.025,.080,.25,.80,2.53,8	4.322463036	
MEC-1	2	.0025,.0080,.025,.080,.25,.80,2.53,8	6.008265495	
MEG-01	2	.0025,.0080,.025,.080,.25,.80,2.53,8	0.069269069	
MEL-HO	2	.0025,.0080,.025,.080,.25,.80,2.53,8	7.266346931	
MES-SA	2	.0025,.0080,.025,.080,.25,.80,2.53,8	8	
MeWo	2	.0025,.0080,.025,.080,.25,.80,2.53,8	8	
MFE-280	2	.0025,.0080,.025,.080,.25,.80,2.53,8	8	
MG-63	2	.0025,.0080,.025,.080,.25,.80,2.53,8	8	
MHH-ES-1	2	.0025,.0080,.025,.080,.25,.80,2.53,8	2.536269426	
MIA PaCa-2	2	.0025,.0080,.025,.080,.25,.80,2.53,8	8	
Mino	2	.0025,.0080,.025,.080,.25,.80,2.53,8	8	
MJ	2	.0025,.0080,.025,.080,.25,.80,2.53,8	8	
MKN-45	2	.0025,.0080,.025,.080,.25,.80,2.53,8	8	
MKN7	2	.0025,.0080,.025,.080,.25,.80,2.53,8	8	
MKN74	2	.0025,.0080,.025,.080,.25,.80,2.53,8	8	
MOG-G-CCM	2	.0025,.0080,.025,.080,.25,.80,2.53,8	8	
MOLP-8	2	.0025,.0080,.025,.080,.25,.80,2.53,8	8	
MOLT-16	2	.0025,.0080,.025,.080,.25,.80,2.53,8	2.131068909	
MONO-MAC-1	2	.0025,.0080,.025,.080,.25,.80,2.53,8	3.887146473	
MPP 89	2	.0025,.0080,.025,.080,.25,.80,2.53,8	8	
MSTO-211H	2	.0025,.0080,.025,.080,.25,.80,2.53,8	5.937797546	
NCI-H1048	2	.0025,.0080,.025,.080,.25,.80,2.53,8	8	
NCI-H1092	2	.0025,.0080,.025,.080,.25,.80,2.53,8	8	
NCI-H1184	2	.0025,.0080,.025,.080,.25,.80,2.53,8	8	
NCI-H1339	2	.0025,.0080,.025,.080,.25,.80,2.53,8	7.78498888	
NCI-H1341	2	.0025,.0080,.025,.080,.25,.80,2.53,8	8	
NCI-H1355	2	.0025,.0080,.025,.080,.25,.80,2.53,8	8	
NCI-H1373	2	.0025,.0080,.025,.080,.25,.80,2.53,8	8	
NCI-H1563	2	.0025,.0080,.025,.080,.25,.80,2.53,8	8	
NCI-H1568	2	.0025,.0080,.025,.080,.25,.80,2.53,8	8	
NCI-H1573	2	.0025,.0080,.025,.080,.25,.80,2.53,8	8	
NCI-H1581	2	.0025,.0080,.025,.080,.25,.80,2.53,8	8	
NCI-H1648	2	.0025,.0080,.025,.080,.25,.80,2.53,8	5.590958595	
NCI-H1650	2	.0025,.0080,.025,.080,.25,.80,2.53,8	8	
NCI-H1651	2	.0025,.0080,.025,.080,.25,.80,2.53,8	8	
NCI-H1666	2	.0025,.0080,.025,.080,.25,.80,2.53,8	7.710957527	
NCI-H1693	2	.0025,.0080,.025,.080,.25,.80,2.53,8	8	
NCI-H1694	2	.0025,.0080,.025,.080,.25,.80,2.53,8	8	
NCI-H1792	2	.0025,.0080,.025,.080,.25,.80,2.53,8	8	
NCI-H1793	2	.0025,.0080,.025,.080,.25,.80,2.53,8	8	
NCI-H1869	2	.0025,.0080,.025,.080,.25,.80,2.53,8	8	
NCI-H1915	2	.0025,.0080,.025,.080,.25,.80,2.53,8	8	
NCI-H1944	2	.0025,.0080,.025,.080,.25,.80,2.53,8	8	
NCI-H1975	2	.0025,.0080,.025,.080,.25,.80,2.53,8	8	
NCI-H2009	2	.0025,.0080,.025,.080,.25,.80,2.53,8	8	
NCI-H2023	2	.0025,.0080,.025,.080,.25,.80,2.53,8	4.014651299	
NCI-H2030	2	.0025,.0080,.025,.080,.25,.80,2.53,8	8	
NCI-H2052	2	.0025,.0080,.025,.080,.25,.80,2.53,8	8	
NCI-H2085	2	.0025,.0080,.025,.080,.25,.80,2.53,8	8	
NCI-H2087	2	.0025,.0080,.025,.080,.25,.80,2.53,8	6.089197159	
NCI-H211	2	.0025,.0080,.025,.080,.25,.80,2.53,8	6.046969891	
NCI-H2122	2	.0025,.0080,.025,.080,.25,.80,2.53,8	7.855627537	
NCI-H2170	2	.0025,.0080,.025,.080,.25,.80,2.53,8	3.32824254	
NCI-H2172	2	.0025,.0080,.025,.080,.25,.80,2.53,8	8	
NCI-H2228	2	.0025,.0080,.025,.080,.25,.80,2.53,8	8	
NCI-H226	2	.0025,.0080,.025,.080,.25,.80,2.53,8	8	
NCI-H2286	2	.0025,.0080,.025,.080,.25,.80,2.53,8	2.386837244	
NCI-H23	2	.0025,.0080,.025,.080,.25,.80,2.53,8	7.43892622	
NCI-H2444	2	.0025,.0080,.025,.080,.25,.80,2.53,8	8	
NCI-H2452	2	.0025,.0080,.025,.080,.25,.80,2.53,8	8	
NCI-H28	2	.0025,.0080,.025,.080,.25,.80,2.53,8	8	
NCI-H322	2	.0025,.0080,.025,.080,.25,.80,2.53,8	8	
NCI-H3255	2	.0025,.0080,.025,.080,.25,.80,2.53,8	7.134063244	
NCI-H358	2	.0025,.0080,.025,.080,.25,.80,2.53,8	8	
NCI-H441	2	.0025,.0080,.025,.080,.25,.80,2.53,8	8	
NCI-H520	2	.0025,.0080,.025,.080,.25,.80,2.53,8	8	
NCI-H522	2	.0025,.0080,.025,.080,.25,.80,2.53,8	8	
NCI-H647	2	.0025,.0080,.025,.080,.25,.80,2.53,8	8	
NCI-H650	2	.0025,.0080,.025,.080,.25,.80,2.53,8	8	
NCI-H661	2	.0025,.0080,.025,.080,.25,.80,2.53,8	8	
NCI-H727	2	.0025,.0080,.025,.080,.25,.80,2.53,8	8	
NCI-H747	2	.0025,.0080,.025,.080,.25,.80,2.53,8	8	
NCI-H810	2	.0025,.0080,.025,.080,.25,.80,2.53,8	5.777545452	
NCI-N87	2	.0025,.0080,.025,.080,.25,.80,2.53,8	3.743279696	
NCO2	2	.0025,.0080,.025,.080,.25,.80,2.53,8	0.00760066	
NIH	OVCAR-3	2	.0025,.0080,.025,.080,.25,.80,2.53,8	8	
NUGC-3	2	.0025,.0080,.025,.080,.25,.80,2.53,8	8	
NUGC-4	2	.0025,.0080,.025,.080,.25,.80,2.53,8	4.356728077	
OC 314	2	.0025,.0080,.025,.080,.25,.80,2.53,8	8	
OC 315	2	.0025,.0080,.025,.080,.25,.80,2.53,8	8	
OC 316	2	.0025,.0080,.025,.080,.25,.80,2.53,8	8	
OCI-AML2	2	.0025,.0080,.025,.080,.25,.80,2.53,8	6.798111916	
OCI-AML5	2	.0025,.0080,.025,.080,.25,.80,2.53,8	7.265676975	
OCUM-1	2	.0025,.0080,.025,.080,.25,.80,2.53,8	8	
OE21	2	.0025,.0080,.025,.080,.25,.80,2.53,8	0.464579643	
OE33	2	.0025,.0080,.025,.080,.25,.80,2.53,8	8	
ONCO-DG-1	2	.0025,.0080,.025,.080,.25,.80,2.53,8	8	
ONS-76	2	.0025,.0080,.025,.080,.25,.80,2.53,8	8	
OPM-2	2	.0025,.0080,.025,.080,.25,.80,2.53,8	8	
OV-90	2	.0025,.0080,.025,.080,.25,.80,2.53,8	6.70353508	
OVCAR-4	2	.0025,.0080,.025,.080,.25,.80,2.53,8	8	
OVCAR-8	2	.0025,.0080,.025,.080,.25,.80,2.53,8	7.570580006	
OVMANA	2	.0025,.0080,.025,.080,.25,.80,2.53,8	8	
OVSAHO	2	.0025,.0080,.025,.080,.25,.80,2.53,8	8	
OVTOKO	2	.0025,.0080,.025,.080,.25,.80,2.53,8	8	
P12-ICHIKAWA	2	.0025,.0080,.025,.080,.25,.80,2.53,8	8	
P31/FUJ	2	.0025,.0080,.025,.080,.25,.80,2.53,8	8	
P3HR-1	2	.0025,.0080,.025,.080,.25,.80,2.53,8	8	
Panc 02.03	2	.0025,.0080,.025,.080,.25,.80,2.53,8	8	
Panc 03.27	2	.0025,.0080,.025,.080,.25,.80,2.53,8	8	
Panc 04.03	2	.0025,.0080,.025,.080,.25,.80,2.53,8	8	
Panc 10.05	2	.0025,.0080,.025,.080,.25,.80,2.53,8	8	
PC-3	2	.0025,.0080,.025,.080,.25,.80,2.53,8	8	
Pfeiffer	2	.0025,.0080,.025,.080,.25,.80,2.53,8	8	
PK-1	2	.0025,.0080,.025,.080,.25,.80,2.53,8	8	
PK-45H	2	.0025,.0080,.025,.080,.25,.80,2.53,8	8	
PK-59	2	.0025,.0080,.025,.080,.25,.80,2.53,8	8	
PL45	2	.0025,.0080,.025,.080,.25,.80,2.53,8	8	
PLC/PRF/5	2	.0025,.0080,.025,.080,.25,.80,2.53,8	7.693918705	
Raji	2	.0025,.0080,.025,.080,.25,.80,2.53,8	8	
Reh	2	.0025,.0080,.025,.080,.25,.80,2.53,8	8	
RERF-GC-1B	2	.0025,.0080,.025,.080,.25,.80,2.53,8	8	
RERF-LC-AI	2	.0025,.0080,.025,.080,.25,.80,2.53,8	8	
RERF-LC-MS	2	.0025,.0080,.025,.080,.25,.80,2.53,8	8	
RKN	2	.0025,.0080,.025,.080,.25,.80,2.53,8	8	
RKO	2	.0025,.0080,.025,.080,.25,.80,2.53,8	8	
RL95-2	2	.0025,.0080,.025,.080,.25,.80,2.53,8	8	
RPMI-8402	2	.0025,.0080,.025,.080,.25,.80,2.53,8	8	
RT-112	2	.0025,.0080,.025,.080,.25,.80,2.53,8	8	
RT4	2	.0025,.0080,.025,.080,.25,.80,2.53,8	8	
RVH-421	2	.0025,.0080,.025,.080,.25,.80,2.53,8	8	
Saos-2	2	.0025,.0080,.025,.080,.25,.80,2.53,8	5.712678432	
SBC-5	2	.0025,.0080,.025,.080,.25,.80,2.53,8	8	
SCaBER	2	.0025,.0080,.025,.080,.25,.80,2.53,8	8	
SF126	2	.0025,.0080,.025,.080,.25,.80,2.53,8	8	
SF-295	2	.0025,.0080,.025,.080,.25,.80,2.53,8	8	
SF8657	2	.0025,.0080,.025,.080,.25,.80,2.53,8	8	
SH-10-TC	2	.0025,.0080,.025,.080,.25,.80,2.53,8	7.97711277	
SHP-77	2	.0025,.0080,.025,.080,.25,.80,2.53,8	8	
SIG-M5	2	.0025,.0080,.025,.080,.25,.80,2.53,8	1.649600863	
SIMA	2	.0025,.0080,.025,.080,.25,.80,2.53,8	8	
SJRH30	2	.0025,.0080,.025,.080,.25,.80,2.53,8	8	
SK-BR-3	2	.0025,.0080,.025,.080,.25,.80,2.53,8	8	
SK-CO-1	2	.0025,.0080,.025,.080,.25,.80,2.53,8	0.15920667	
SK-ES-1	2	.0025,.0080,.025,.080,.25,.80,2.53,8	8	
SK-HEP-1	2	.0025,.0080,.025,.080,.25,.80,2.53,8	8	
SK-LU-1	2	.0025,.0080,.025,.080,.25,.80,2.53,8	8	
SK-MEL-2	2	.0025,.0080,.025,.080,.25,.80,2.53,8	8	
SK-MEL-24	2	.0025,.0080,.025,.080,.25,.80,2.53,8	6.903137207	
SK-MEL-30	2	.0025,.0080,.025,.080,.25,.80,2.53,8	8	
SK-MEL-31	2	.0025,.0080,.025,.080,.25,.80,2.53,8	7.54642868	
SK-MEL-5	2	.0025,.0080,.025,.080,.25,.80,2.53,8	8	
SK-MM-2	2	.0025,.0080,.025,.080,.25,.80,2.53,8	8	
SK-N-BE(2)	2	.0025,.0080,.025,.080,.25,.80,2.53,8	8	
SK-N-SH	2	.0025,.0080,.025,.080,.25,.80,2.53,8	5.205433846	
SK-OV-3	2	.0025,.0080,.025,.080,.25,.80,2.53,8	8	
SNG-M	2	.0025,.0080,.025,.080,.25,.80,2.53,8	8	
SNU-1	2	.0025,.0080,.025,.080,.25,.80,2.53,8	8	
SNU-16	2	.0025,.0080,.025,.080,.25,.80,2.53,8	0.049494644	
SNU-182	2	.0025,.0080,.025,.080,.25,.80,2.53,8	8	
SNU-423	2	.0025,.0080,.025,.080,.25,.80,2.53,8	8	
SNU-449	2	.0025,.0080,.025,.080,.25,.80,2.53,8	8	
SNU-C2A	2	.0025,.0080,.025,.080,.25,.80,2.53,8	8	
SNU-C2B	2	.0025,.0080,.025,.080,.25,.80,2.53,8	8	
SU-DHL-10	2	.0025,.0080,.025,.080,.25,.80,2.53,8	8	
SU-DHL-4	2	.0025,.0080,.025,.080,.25,.80,2.53,8	5.041968346	
SU-DHL-6	2	.0025,.0080,.025,.080,.25,.80,2.53,8	0.099240054	
SU-DHL-8	2	.0025,.0080,.025,.080,.25,.80,2.53,8	5.790517807	
SUIT-2	2	.0025,.0080,.025,.080,.25,.80,2.53,8	8	
SUP-M2	2	.0025,.0080,.025,.080,.25,.80,2.53,8	8	
SUP-T1	2	.0025,.0080,.025,.080,.25,.80,2.53,8	8	
SW 1088	2	.0025,.0080,.025,.080,.25,.80,2.53,8	1.020972229	
SW 1271	2	.0025,.0080,.025,.080,.25,.80,2.53,8	8	
SW 1353	2	.0025,.0080,.025,.080,.25,.80,2.53,8	8	
SW 1990	2	.0025,.0080,.025,.080,.25,.80,2.53,8	7.833574772	
SW403	2	.0025,.0080,.025,.080,.25,.80,2.53,8	8	
SW48	2	.0025,.0080,.025,.080,.25,.80,2.53,8	8	
SW480	2	.0025,.0080,.025,.080,.25,.80,2.53,8	8	
SW579	2	.0025,.0080,.025,.080,.25,.80,2.53,8	3.264090061	
SW620	2	.0025,.0080,.025,.080,.25,.80,2.53,8	8	
SW 780	2	.0025,.0080,.025,.080,.25,.80,2.53,8	8	
SW 900	2	.0025,.0080,.025,.080,.25,.80,2.53,8	8	
T24	2	.0025,.0080,.025,.080,.25,.80,2.53,8	8	
T3M-10	2	.0025,.0080,.025,.080,.25,.80,2.53,8	8	
T-47D	2	.0025,.0080,.025,.080,.25,.80,2.53,8	8	
T84	2	.0025,.0080,.025,.080,.25,.80,2.53,8	8	
T98G	2	.0025,.0080,.025,.080,.25,.80,2.53,8	8	
TC-71	2	.0025,.0080,.025,.080,.25,.80,2.53,8	8	
TCCSUP	2	.0025,.0080,.025,.080,.25,.80,2.53,8	8	
TE 617.T	2	.0025,.0080,.025,.080,.25,.80,2.53,8	2.358335733	
TE-9	2	.0025,.0080,.025,.080,.25,.80,2.53,8	6.083400249	
TEN	2	.0025,.0080,.025,.080,.25,.80,2.53,8	8	
Toledo	2	.0025,.0080,.025,.080,.25,.80,2.53,8	8	
TOV-112D	2	.0025,.0080,.025,.080,.25,.80,2.53,8	8	
TOV-21G	2	.0025,.0080,.025,.080,.25,.80,2.53,8	8	
TT2609-C02	2	.0025,.0080,.025,.080,.25,.80,2.53,8	4.903181076	
TYK-nu	2	.0025,.0080,.025,.080,.25,.80,2.53,8	8	
U-118 MG	2	.0025,.0080,.025,.080,.25,.80,2.53,8	8	
U-2 OS	2	.0025,.0080,.025,.080,.25,.80,2.53,8	7.420892239	
U-87 MG	2	.0025,.0080,.025,.080,.25,.80,2.53,8	8	
U-937	2	.0025,.0080,.025,.080,.25,.80,2.53,8	5.434136868	
UACC-812	2	.0025,.0080,.025,.080,.25,.80,2.53,8	8	
UM-UC-3	2	.0025,.0080,.025,.080,.25,.80,2.53,8	8	
VMRC-LCD	2	.0025,.0080,.025,.080,.25,.80,2.53,8	8	
VMRC-RCW	2	.0025,.0080,.025,.080,.25,.80,2.53,8	7.079586029	
VMRC-RCZ	2	.0025,.0080,.025,.080,.25,.80,2.53,8	8	
WM1799	2	.0025,.0080,.025,.080,.25,.80,2.53,8	7.204105377	
WM-793	2	.0025,.0080,.025,.080,.25,.80,2.53,8	6.826157093	
WM-88	2	.0025,.0080,.025,.080,.25,.80,2.53,8	6.776633263	
WM-983B	2	.0025,.0080,.025,.080,.25,.80,2.53,8	7.791449547	
YKG1	2	.0025,.0080,.025,.080,.25,.80,2.53,8	7.677743435	
ZR-75-30	2	.0025,.0080,.025,.080,.25,.80,2.53,8	8	
