Interactions associated to O00141
ID	Name	DTHybrid	kbmf	minhash	RLS	svm	drugbank	stitch	kiba	integrative
10000020	CHEBI:272694	0	0	0	0	0.57	0	0	0	0.028	
10002079	SureCN938436	0	0	0	0	0.799	0	0	0	0.04	
10008287	SureCN5828809	0	0	0	0	0.579	0	0	0	0.029	
10026590	SureCN5901409	0	0	0	0	0.309	0	0	0	0.015	
1003	phosphate	0	0	0	0	0	0	0.055	0	0.041	
10032487	UN 8	0	0	0	0	0.239	0	0	0	0.012	
10048676	CHEBI:293730	0	0	0	0	0.353	0	0	0	0.018	
10050156	2e9n	0	0	0	0	0	0	0.376	0	0.279	
10064086	CHEMBL81043	0	0	0	0	0.703	0	0	0	0.035	
10074436	SureCN6796396	0	0	0	0	0.614	0	0	0	0.031	
10079983	CHEBI:284298	0	0	0	0	0.868	0	0	0	0.043	
10111252	CHEBI:406546	0	0	0	0	0.775	0	0	0	0.039	
10134344	SureCN3917059	0	0	0	0	0.562	0	0	0	0.028	
10151273	SureCN4376204	0	0	0	0	0.192	0	0	0	0.01	
10156522	CHEBI:406730	0	0	0	0	0.908	0	0	0	0.045	
10159519	SureCN2203460	0	0	0	0	0.595	0	0	0	0.03	
10164106	CHEMBL94825	0	0	0	0	0.137	0	0	0	0.007	
10166322	CHEBI:434423	0	0	0	0	0.537	0	0	0	0.027	
10175096	pyrazoloquinazoline deriv.	 8	0	0	0	0	0.03	0	0	0	0.002	
10182284	SureCN2202920	0	0	0	0	0.086	0	0	0	0.004	
10196735	SureCN4293621	0	0	0	0	0.335	0	0	0	0.017	
10204194	SureCN6596290	0	0	0	0	0.114	0	0	0	0.006	
10206034	SureCN4454660	0	0	0	0	0.425	0	0	0	0.021	
10269818	SureCN6586161	0	0	0	0	0.548	0	0	0	0.027	
10275896	SB-682330A	0	0	0	0	0.046	0	0	0	0.002	
10279557	CHEBI:368097	0	0	0	0	0.143	0	0	0	0.007	
10291997	SureCN6586594	0	0	0	0	0.723	0	0	0	0.036	
10296883	sotrastaurin	0	0	0	0.004	0	0	0	0	0	
10297469	SureCN6597246	0	0	0	0	0.179	0	0	0	0.009	
10312249	SureCN4295330	0	0	0	0	0.333	0	0	0	0.017	
10334509	CHEMBL170865	0	0	0	0	0.766	0	0	0	0.038	
10385282	C-4 substituted oxindole inhibitor 7n	0	0	0	0	0.232	0	0	0	0.012	
10391910	SureCN2034168	0	0	0	0	0.191	0	0	0	0.01	
10400560	CHEMBL171366	0	0	0	0	0.732	0	0	0	0.037	
10414039	SureCN5828965	0	0	0	0	0.007	0	0	0	0	
10432161	SureCN5902146	0	0	0	0	0.309	0	0	0	0.015	
10451420	ACHP	0	0	0	0	0.868	0	0	0	0.043	
10452500	SureCN8349585	0	0	0	0	0.147	0	0	0	0.007	
10522936	CHEBI:390226	0	0	0	0	0.496	0	0	0	0.025	
10522937	CHEBI:388576	0	0	0	0	0.496	0	0	0	0.025	
10533306	CHEBI:546231	0	0	0	0	0.92	0	0	0	0.046	
10566926	CHEBI:390067	0	0	0	0	0.406	0	0	0	0.02	
10581141	CHEBI:604161	0	0	0	0	0.92	0	0	0	0.046	
10601861	CHEMBL75562	0	0	0	0	0.474	0	0	0	0.024	
10640765	CHEBI:388338	0	0	0	0	0.406	0	0	0	0.02	
10643635	SureCN8353793	0	0	0	0	0.147	0	0	0	0.007	
10672600	CHEMBL72973	0	0	0	0	0.02	0	0	0	0.001	
10716132	SureCN5737281	0	0	0	0	0.254	0	0	0	0.013	
10735751	CHEBI:390227	0	0	0	0	0.406	0	0	0	0.02	
10760269	CHEMBL93805	0	0	0	0	0.727	0	0	0	0.036	
10789231	SureCN8705978	0	0	0	0	0.125	0	0	0	0.006	
10812851	CHEBI:293843	0	0	0	0	0.353	0	0	0	0.018	
10833355	SureCN8706893	0	0	0	0	0.016	0	0	0	0.001	
10836418	CHEMBL72298	0	0	0	0	0.158	0	0	0	0.008	
10840047	CHEBI:216486	0	0	0	0	0.149	0	0	0	0.007	
10850276	CHEMBL369443	0	0	0	0	0.839	0	0	0	0.042	
10852454	CHEBI:390515	0	0	0	0	0.406	0	0	0	0.02	
10871128	CTK1F3129	0	0	0	0.014	0	0	0	0	0.001	
10871795	CHEBI:237527	0	0	0	0	0.163	0	0	0	0.008	
10882616	CHEMBL86195	0	0	0	0	0.437	0	0	0	0.022	
10884145	chondrillin	0	0	0	0	0.409	0	0	0	0.02	
10915062	1a-w	0	0	0	0	0.437	0	0	0	0.022	
10970903	CHEBI:679743	0	0	0	0	0.586	0	0	0	0.029	
11043031	CHEMBL169505	0	0	0	0	0.641	0	0	0	0.032	
11132251	CHEMBL89154	0	0	0	0	0.22	0	0	0	0.011	
11157369	CTK5F3470	0	0	0	0	0.308	0	0	0	0.015	
11192412	CHEMBL403158	0	0	0	0	0.531	0	0	0	0.027	
11199873	SureCN5888202	0	0	0	0	0.859	0	0	0	0.043	
11202500	SureCN4833479	0	0	0	0	0.35	0	0	0	0.017	
11203237	CHEBI:419970	0	0	0	0	0.048	0	0	0	0.002	
11203436	CHEBI:399108	0	0	0	0	0.206	0	0	0	0.01	
11203579	TX-2036	0	0	0	0	0.62	0	0	0	0.031	
11248501	SureCN6241924	0	0	0	0	0	0	0.57	0.026	0.432	
11281388	SureCN5770065	0	0	0	0	0.501	0	0	0	0.025	
11341869	SKI-758	0	0	0	0	0.418	0	0	0	0.021	
11362027	CHEBI:501023	0	0	0	0	0.116	0	0	0	0.006	
11375010	CHEMBL410100	0	0	0	0	0.171	0	0	0	0.009	
11410765	CHEBI:420142	0	0	0	0	0.341	0	0	0	0.017	
11415352	CHEMBL1957670	0	0	0	0	0.688	0	0	0	0.034	
11448608	pyrido-thieno-pyrimidine	 6d	0	0	0	0	0	0	0	0	0	
11464544	CHEBI:423123	0	0	0	0	0.263	0	0	0	0.013	
11496628	AT9283	0	0	0	0.042	0	0	0	0	0.002	
11509538	SureCN1601095	0	0	0	0	0.168	0	0	0	0.008	
11509539	SureCN1600744	0	0	0	0	0.191	0	0	0	0.01	
11519486	CHEMBL258046	0	0	0	0	0.667	0	0	0	0.033	
11524144	AMPK inhibitor	0	0	0	0	0	0	0.24	0	0.178	
11524833	SureCN1601941	0	0	0	0	0.052	0	0	0	0.003	
11539329	Kinome_3024	0	0	0	0	0	0	0	0	0	
11540547	SureCN3990270	0	0	0	0	0.823	0	0	0	0.041	
11541124	SureCN3995550	0	0	0	0	0.657	0	0	0	0.033	
11544170	M Mg	0	0	0	0	0	0	0.976	0.041	0.726	
11545267	CHEBI:449589	0	0	0	0	0.198	0	0	0	0.01	
11548497	CHEMBL270368	0	0	0	0	0.509	0	0	0	0.025	
11559383	SureCN1552249	0	0	0	0	0.495	0	0	0	0.025	
11562728	CHEMBL271087	0	0	0	0	0.539	0	0	0	0.027	
11568147	SureCN1599896	0	0	0	0	0	0	0.192	0	0.143	
11573615	SureCN1551725	0	0	0	0	0.766	0	0	0	0.038	
11574218	CHEBI:428439	0	0	0	0	0.003	0	0	0	0	
11581855	CHEBI:449324	0	0	0	0	0.407	0	0	0	0.02	
11590363	Kinome_3028	0	0	0	0	0	0	0	0	0	
11592328	SureCN4278437	0	0	0	0	0.564	0	0	0	0.028	
11603769	CHEBI:449325	0	0	0	0	0.407	0	0	0	0.02	
11607450	SureCN3893092	0	0	0	0	0.192	0	0	0	0.01	
11620477	CHEMBL256195	0	0	0	0	0.433	0	0	0	0.022	
11624223	CHEBI:406604	0	0	0	0	0.869	0	0	0	0.043	
11624601	JNK inhibitor VIII	0	0	0	0	0	0	0	0	0	
11624847	CHEBI:428438	0	0	0	0	0.003	0	0	0	0	
11639899	SureCN1600675	0	0	0	0	0.24	0	0	0	0.012	
11640926	Kinome_3027	0	0	0	0	0	0	0	0	0	
11644425	CGP57380	0	0	0	0	0	0	0.167	0	0.124	
11649146	CHEBI:1175942	0	0	0	0	0.165	0	0	0	0.008	
11650224	SureCN3993796	0	0	0	0	0.289	0	0	0	0.014	
11658882	Kinome_3019	0	0	0	0	0	0	0	0	0	
11684684	SureCN1406234	0	0	0	0	0.233	0	0	0	0.012	
11685293	CHEBI:434499	0	0	0	0	0.709	0	0	0	0.035	
11685347	CHEBI:454106	0	0	0	0	0.319	0	0	0	0.016	
11714580	PF-03715455	0	0	0	0	0.286	0	0	0	0.014	
11715520	Kinome_3025	0	0	0	0	0	0	0	0	0	
11720813	CHEMBL255547	0	0	0	0	0.051	0	0	0	0.003	
11744373	SureCN5732947	0	0	0	0	0.776	0	0	0	0.039	
11753012	SureCN4830299	0	0	0	0	0.124	0	0	0	0.006	
11759868	CHEMBL85985	0	0	0	0	0.163	0	0	0	0.008	
11797210	CHEMBL94718	0	0	0	0	0.353	0	0	0	0.018	
11803489	SureCN3131811	0	0	0	0	0.624	0	0	0	0.031	
11844913	SureCN1266046	0	0	0	0	0.256	0	0	0	0.013	
11856271	SureCN5820019	0	0	0	0	0.839	0	0	0	0.042	
11856273	SureCN5803487	0	0	0	0	0.759	0	0	0	0.038	
11856528	SureCN5807141	0	0	0	0	0.776	0	0	0	0.039	
11856529	SureCN5803093	0	0	0	0	0.746	0	0	0	0.037	
11856530	SureCN5804955	0	0	0	0	0.562	0	0	0	0.028	
11857236	g----96	0	0	0	0	0.435	0	0	0	0.022	
11952989	g Mg	0	0	0	0	0	0	0.976	0.038	0.726	
11953177	SureCN3771129	0	0	0	0	0	0	0.411	0.013	0.311	
11959186	SureCN4595513	0	0	0	0	0.464	0	0	0	0.023	
11959190	SureCN5067898	0	0	0	0	0.464	0	0	0	0.023	
11959284	SureCN4649582	0	0	0	0	0.041	0	0	0	0.002	
11959286	SureCN4595762	0	0	0	0	0.263	0	0	0	0.013	
11959310	SureCN4596182	0	0	0	0	0.263	0	0	0	0.013	
11959314	HMS3305B07	0	0	0	0	0.229	0	0	0	0.011	
11959513	SureCN4596225	0	0	0	0	0.056	0	0	0	0.003	
11959550	SureCN5067971	0	0	0	0	0.056	0	0	0	0.003	
11959682	HMS3305B03	0	0	0	0	0.435	0	0	0	0.022	
11959683	HMS3305H11	0	0	0	0	0.435	0	0	0	0.022	
11959684	SureCN4595238	0	0	0	0	0.435	0	0	0	0.022	
11974417	CHEMBL2036005	0	0	0	0	0.939	0	0	0	0.047	
12004374	CHEBI:498794	0	0	0	0	0.702	0	0	0	0.035	
12004396	CHEBI:498736	0	0	0	0	0.292	0	0	0	0.015	
127757	Ro-32-0432	0	0	0	0.004	0	0	0	0	0	
129236	CKI-7	0	0	0	0	0	0	0.766	0	0.569	
132047	Echiguanine A	0	0	0	0	0.758	0	0	0	0.038	
132048	Echiguanine B	0	0	0	0	0.732	0	0	0	0.037	
15625	dioxin	0	0	0	0	0	0	0	0	0	
15872392	SureCN4593956	0	0	0	0	0.696	0	0	0	0.035	
15872401	SureCN4917851	0	0	0	0	0.042	0	0	0	0.002	
15872403	SB-250715	0	0	0	0	0.482	0	0	0	0.024	
15872409	SB-254169	0	0	0	0	0.118	0	0	0	0.006	
15887011	SureCN6946413	0	0	0	0	0.088	0	0	0	0.004	
15907933	4-alkynyl oxindole 7l	0	0	0	0	0.16	0	0	0	0.008	
15953778	CTK4I8225	0	0	0	0	0.323	0	0	0	0.016	
16007116	Kinome_2553	0	0	0	0	0	0	0	0	0	
16046126	1 cd	0	0	0	0	0	0	0	0.001	0.001	
16086307	CHEBI:458755	0	0	0	0	0.633	0	0	0	0.032	
16086315	CHEBI:458442	0	0	0	0	0.854	0	0	0	0.043	
16086335	CHEBI:458756	0	0	0	0	0.825	0	0	0	0.041	
16086337	CHEBI:458365	0	0	0	0	0.689	0	0	0	0.034	
16086341	CHEBI:458440	0	0	0	0	0.867	0	0	0	0.043	
16086343	CHEBI:458441	0	0	0	0	0.799	0	0	0	0.04	
16095342	GSK269962A	0	0	0	0.018	0	0	0	0	0.001	
16121514	ARC-903	0	0	0	0.029	0	0	0	0	0.001	
16221284	pyrazoloquinazoline deriv.	 6	0	0	0	0	0.033	0	0	0	0.002	
16221285	pyrazoloquinazoline deriv.	 7	0	0	0	0	0.03	0	0	0	0.002	
16221286	pyrazoloquinazoline deriv.	 9	0	0	0	0	0.03	0	0	0	0.002	
16221338	SureCN4288016	0	0	0	0	0.158	0	0	0	0.008	
16221339	SureCN4290704	0	0	0	0	0.636	0	0	0	0.032	
16221627	SureCN4289365	0	0	0	0	0.333	0	0	0	0.017	
16221628	SureCN4289024	0	0	0	0	0.32	0	0	0	0.016	
16221630	SureCN4290803	0	0	0	0	0.033	0	0	0	0.002	
16224745	SCH 900776	0	0	0	0	0.35	0	0	0	0.017	
16224746	CHEBI:1157776	0	0	0	0	0.447	0	0	0	0.022	
16226179	CHEBI:1157782	0	0	0	0	0.934	0	0	0	0.047	
16226383	CHEBI:1157783	0	0	0	0	0.345	0	0	0	0.017	
16230	amiloride	0	0	0	0	0	0	0.425	0	0.316	
16657876	SureCN6436321	0	0	0	0	0.538	0	0	0	0.027	
16657879	SureCN6437930	0	0	0	0	0.538	0	0	0	0.027	
16657882	SureCN6436494	0	0	0	0	0.675	0	0	0	0.034	
16657950	SureCN6433049	0	0	0	0	0.236	0	0	0	0.012	
16658031	SureCN6433166	0	0	0	0	0.257	0	0	0	0.013	
16658108	SureCN6436121	0	0	0	0	0.693	0	0	0	0.035	
16658112	cyclic deriv. 32	0	0	0	0	0.41	0	0	0	0.02	
16658181	cyclic deriv. 34	0	0	0	0	0.705	0	0	0	0.035	
16658246	cyclic deriv. 37	0	0	0	0	0.159	0	0	0	0.008	
16658248	cycloleucine deriv. 38	0	0	0	0	0.318	0	0	0	0.016	
16658408	SureCN6438812	0	0	0	0	0.59	0	0	0	0.029	
16658409	SureCN6434310	0	0	0	0	0.307	0	0	0	0.015	
16658742	substituted glycine deriv. 16	0	0	0	0	0.093	0	0	0	0.005	
16658805	SureCN6437300	0	0	0	0	0.307	0	0	0	0.015	
16666228	SureCN8241428	0	0	0	0	0.098	0	0	0	0.005	
16725726	GSK690693	0	0	0	0.036	0	0	0	0	0.002	
16736978	CC34	0	0	0	0	0	0	0.793	0	0.589	
16739918	SureCN824012	0	0	0	0	0.683	0	0	0	0.034	
17941451	SureCN667387	0	0	0	0	0.478	0	0	0	0.024	
17981636	CHEMBL271059	0	0	0	0	0.048	0	0	0	0.002	
17981639	SureCN5772247	0	0	0	0	0.484	0	0	0	0.024	
17981826	CHEMBL258150	0	0	0	0	0.006	0	0	0	0	
188534	AC1L4N01	0	0	0	0.005	0	0	0	0	0	
20079626	SureCN9167725	0	0	0	0	0	0	0	0	0	
20585251	CHEBI:406508	0	0	0	0	0.554	0	0	0	0.028	
20585253	CHEBI:406661	0	0	0	0	0.86	0	0	0	0.043	
20585255	CHEBI:406505	0	0	0	0	0.867	0	0	0	0.043	
20585257	CHEBI:406650	0	0	0	0	0.695	0	0	0	0.035	
20585281	CHEBI:406614	0	0	0	0	0.867	0	0	0	0.043	
20585284	CHEBI:406694	0	0	0	0	0.85	0	0	0	0.042	
20585285	CHEBI:406499	0	0	0	0	0.902	0	0	0	0.045	
20585289	CHEBI:406729	0	0	0	0	0.831	0	0	0	0.042	
21672114	SureCN2020276	0	0	0	0	0.645	0	0	0	0.032	
21991073	SureCN2204762	0	0	0	0	0.553	0	0	0	0.028	
22040407	SureCN2893460	0	0	0	0	0.098	0	0	0	0.005	
22040722	SureCN2893001	0	0	0	0	0.049	0	0	0	0.002	
22049899	SureCN4378005	0	0	0	0	0.475	0	0	0	0.024	
22049990	SureCN4383509	0	0	0	0	0.588	0	0	0	0.029	
22049997	I4-5	0	0	0	0	0.279	0	0	0	0.014	
22050029	SureCN4378769	0	0	0	0	0.199	0	0	0	0.01	
22050036	SureCN4382884	0	0	0	0	0.288	0	0	0	0.014	
22050143	SureCN4378481	0	0	0	0	0.11	0	0	0	0.005	
22050381	SureCN4377556	0	0	0	0	0.637	0	0	0	0.032	
22050521	SureCN4374179	0	0	0	0	0.19	0	0	0	0.009	
22050534	SureCN4382895	0	0	0	0	0.136	0	0	0	0.007	
22050683	SureCN4378190	0	0	0	0	0.322	0	0	0	0.016	
22051155	SureCN4376181	0	0	0	0	0.258	0	0	0	0.013	
22064346	Chk1_49	0	0	0	0	0.599	0	0	0	0.03	
22064355	Chk1 48	0	0	0	0	0.46	0	0	0	0.023	
22258981	CHEBI:406702	0	0	0	0	0.904	0	0	0	0.045	
22287158	CHEMBL70898	0	0	0	0	0.727	0	0	0	0.036	
22287325	SureCN6347970	0	0	0	0	0.101	0	0	0	0.005	
22647955	SureCN6672308	0	0	0	0	0.654	0	0	0	0.033	
22648115	SureCN6666980	0	0	0	0	0.328	0	0	0	0.016	
22648200	SureCN6672466	0	0	0	0	0.438	0	0	0	0.022	
22743123	SureCN6748372	0	0	0	0	0.039	0	0	0	0.002	
2336	benzo(a)pyrene	0	0	0	0	0	0	0	0	0	
23532566	CHEBI:434202	0	0	0	0	0.766	0	0	0	0.038	
23532607	CHEBI:434065	0	0	0	0	0.879	0	0	0	0.044	
23532667	CHEBI:434373	0	0	0	0	0.303	0	0	0	0.015	
23532674	CHEBI:434172	0	0	0	0	0.731	0	0	0	0.037	
23532675	CHEBI:434487	0	0	0	0	0.795	0	0	0	0.04	
23532688	CHEBI:434414	0	0	0	0	0.873	0	0	0	0.044	
23532689	CHEBI:434404	0	0	0	0	0.873	0	0	0	0.044	
23532696	CHEBI:434521	0	0	0	0	0.481	0	0	0	0.024	
23532736	CHEBI:434084	0	0	0	0	0.771	0	0	0	0.039	
23532737	CHEBI:434500	0	0	0	0	0.634	0	0	0	0.032	
23532740	CHEBI:337400	0	0	0	0	0.463	0	0	0	0.023	
23532851	CHEBI:434408	0	0	0	0	0.694	0	0	0	0.035	
23532872	CHEBI:434494	0	0	0	0	0.802	0	0	0	0.04	
23532873	CHEBI:434427	0	0	0	0	0.708	0	0	0	0.035	
23541640	CHEBI:725513	0	0	0	0	0.081	0	0	0	0.004	
23585534	SureCN212421	0	0	0	0	0.419	0	0	0	0.021	
23645057	C-4 substituted oxindole inhibitor 7b	0	0	0	0	0.151	0	0	0	0.008	
23645058	C-4 substituted oxindole inhibitor  7c	0	0	0	0	0.498	0	0	0	0.025	
23645062	C-4 substituted oxindole inhibitor 7g	0	0	0	0	0.62	0	0	0	0.031	
23645063	C-4 substituted oxindole inhibitor 7h	0	0	0	0	0.527	0	0	0	0.026	
23645064	C-4 substituted oxindole inhibitor 7i	0	0	0	0	0.358	0	0	0	0.018	
23645065	C-4 substituted oxindole inhibitor 7j	0	0	0	0	0.832	0	0	0	0.042	
23645066	C-4 substituted oxindole inhibitor 7k	0	0	0	0	0.059	0	0	0	0.003	
23645067	C-4 substituted oxindole inhibitor 7l	0	0	0	0	0.911	0	0	0	0.046	
23645068	C-4 substituted oxindole inhibitor 7m	0	0	0	0	0.583	0	0	0	0.029	
23645078	4-alkynyl oxindole 7j	0	0	0	0	0.008	0	0	0	0	
23645079	4-alkynyl oxindole 7k	0	0	0	0	0.16	0	0	0	0.008	
23645080	4-alkynyl oxindole 7m	0	0	0	0	0.16	0	0	0	0.008	
23645081	4-alkynyl oxindole 7n	0	0	0	0	0.715	0	0	0	0.036	
23647643	pyrimido-pyrimidine	 36	0	0	0	0	0.3	0	0	0	0.015	
23647646	pyrimido-pyrimidine	 39	0	0	0	0	0.271	0	0	0	0.014	
23649241	SureCN2576346	0	0	0	0	0.272	0	0	0	0.014	
23729140	DEL-A	 6	0	0	0	0	0.535	0	0	0	0.027	
2396	GF109203X	0	0	0	0	0	0	0.362	0	0.269	
24748788	CHEBI:505420	0	0	0	0	0.732	0	0	0	0.037	
24750416	CHEBI:505416	0	0	0	0	0.657	0	0	0	0.033	
24755476	3c5u	0	0	0	0	0.543	0	0	0	0.027	
24767908	DEL-A	 9	0	0	0	0	0.67	0	0	0	0.034	
24767910	DEL-A	 8	0	0	0	0	0.298	0	0	0	0.015	
24783396	CHEBI:1247128	0	0	0	0	0.605	0	0	0	0.03	
24783593	SureCN2263920	0	0	0	0	0.553	0	0	0	0.028	
24783594	SureCN2262845	0	0	0	0	0.553	0	0	0	0.028	
24786151	SureCN2417871	0	0	0	0	0.394	0	0	0	0.02	
24788164	SureCN191072	0	0	0	0	0.476	0	0	0	0.024	
24788623	SureCN191438	0	0	0	0	0.35	0	0	0	0.017	
24788739	SureCN192659	0	0	0	0	0.716	0	0	0	0.036	
24788740	0 RF	0	0	0	0	0.452	0	0	0	0.023	
24825716	3-cyanoquinoline	 29	0	0	0	0	0.275	0	0	0	0.014	
24877716	CHEBI:730308	0	0	0	0	0.208	0	0	0	0.01	
24878503	SureCN5097035	0	0	0	0	0.34	0	0	0	0.017	
24885607	CHEBI:251687	0	0	0	0	0.235	0	0	0	0.012	
24889248	CHEBI:1155481	0	0	0	0	0.36	0	0	0	0.018	
24889587	CHEBI:1155482	0	0	0	0	0.311	0	0	0	0.016	
24894020	CHEBI:568314	0	0	0	0	0.329	0	0	0	0.016	
24905332	CHEMBL1242287	0	0	0	0	0.094	0	0	0	0.005	
24905761	CHEBI:567760	0	0	0	0	0.134	0	0	0	0.007	
24948938	SureCN11341643	0	0	0	0	0.427	0	0	0	0.021	
24949292	SureCN2572786	0	0	0	0	0.548	0	0	0	0.027	
24949446	SureCN2579303	0	0	0	0	0.338	0	0	0	0.017	
24963049	SureCN4595913	0	0	0	0	0.324	0	0	0	0.016	
24968572	SureCN1528793	0	0	0	0	0.305	0	0	0	0.015	
24968575	SureCN1528813	0	0	0	0	0.154	0	0	0	0.008	
24971408	isothiazole	 5i	0	0	0	0	0.193	0	0	0	0.01	
24991569	SureCN3143789	0	0	0	0	0.114	0	0	0	0.006	
25022668	GSK650394	0.806	0	0	0	0	0	0.945	0.747	0.778	
25023834	SureCN12786964	0	0	0	0	0.426	0	0	0	0.021	
25023835	CHEMBL236928	0	0	0	0	0.101	0	0	0	0.005	
25026491	CHEBI:711799	0	0	0	0	0.137	0	0	0	0.007	
25060411	SureCN4745272	0	0	0	0	0.701	0	0	0	0.035	
25060675	SureCN4741779	0	0	0	0	0.063	0	0	0	0.003	
25064527	SureCN3579755	0	0	0	0	0.38	0	0	0	0.019	
25065561	SureCN3570153	0	0	0	0	0.023	0	0	0	0.001	
25066412	SureCN3575206	0	0	0	0	0.138	0	0	0	0.007	
25066413	SureCN3580312	0	0	0	0	0.684	0	0	0	0.034	
25066414	SureCN3583858	0	0	0	0	0.534	0	0	0	0.027	
25066416	SureCN3577594	0	0	0	0	0.383	0	0	0	0.019	
25096016	SureCN2457919	0	0	0	0	0.165	0	0	0	0.008	
25113180	3f5p	0	0	0	0	0.346	0	0	0	0.017	
25113875	SureCN1780018	0	0	0	0	0.149	0	0	0	0.007	
25137969	furan-based compound	 12	0	0	0	0	0.046	0	0	0	0.002	
25137970	pyrrole-based compound	 13	0	0	0	0	0.309	0	0	0	0.015	
25137971	furan-based compound	 14	0	0	0	0	0.719	0	0	0	0.036	
25137972	furan-based compound	 15	0	0	0	0	0.53	0	0	0	0.027	
25137974	SB-699393	0	0	0	0	0.379	0	0	0	0.019	
2514	cadmium	0	0	0	0	0	0	0	0	0	
25145005	CHEBI:1162281	0	0	0	0	0.241	0	0	0	0.012	
25153410	CHEBI:731456	0	0	0	0	0.035	0	0	0	0.002	
25153621	CHEBI:731218	0	0	0	0	0.479	0	0	0	0.024	
25153624	CHEBI:1163801	0	0	0	0	0.161	0	0	0	0.008	
25154041	CC 66	0	0	0	0	0.151	0	0	0	0.008	
25167905	CHEMBL402902	0	0	0	0	0.639	0	0	0	0.032	
25170562	SureCN926377	0	0	0	0	0.161	0	0	0	0.008	
25170563	SureCN925542	0	0	0	0	0.366	0	0	0	0.018	
25170991	SureCN925332	0	0	0	0	0.688	0	0	0	0.034	
25172270	SureCN3075929	0	0	0	0	0.687	0	0	0	0.034	
25178327	CHEBI:553783	0	0	0	0	0.201	0	0	0	0.01	
25178539	CHEBI:553859	0	0	0	0	0.702	0	0	0	0.035	
25210518	pyrazolourea	 1a	0	0	0	0	0.282	0	0	0	0.014	
25210521	CHEBI:679744	0	0	0	0	0.382	0	0	0	0.019	
25211674	CHEBI:550331	0	0	0	0	0.535	0	0	0	0.027	
25218652	Pyrido[2	3-d]pyrimidin-5-one	 28	0	0	0	0	0.519	0	0	0	0.026	
25218803	3-cyanoquinoline	 23	0	0	0	0	0.791	0	0	0	0.04	
25218804	3-cyanoquinoline	 24	0	0	0	0	0.308	0	0	0	0.015	
25218806	3-cyanoquinoline	 26	0	0	0	0	0.35	0	0	0	0.017	
25218808	3-cyanoquinoline	 28	0	0	0	0	0.865	0	0	0	0.043	
25218809	3-cyanoquinoline	 30	0	0	0	0	0.223	0	0	0	0.011	
25218810	3-cyanoquinoline	 31	0	0	0	0	0.272	0	0	0	0.014	
25218811	3-cyanoquinoline	 32	0	0	0	0	0.098	0	0	0	0.005	
25218816	3-cyanoquinoline	 37	0	0	0	0	0.466	0	0	0	0.023	
25218817	3-cyanoquinoline	 38	0	0	0	0	0.564	0	0	0	0.028	
25218823	3-cyanoquinoline	 4	0	0	0	0	0.184	0	0	0	0.009	
25229528	SureCN2061630	0	0	0	0	0.972	0	0	0	0.049	
25229638	CHEBI:553151	0	0	0	0	0.87	0	0	0	0.043	
25263284	CHEMBL454470	0	0	0	0	0.107	0	0	0	0.005	
25263288	SureCN14589381	0	0	0	0	0.426	0	0	0	0.021	
25264966	SureCN2191272	0	0	0	0	0.789	0	0	0	0.039	
25269480	CHEBI:1161623	0	0	0	0	0.946	0	0	0	0.047	
25270151	CHEBI:1161621	0	0	0	0	0.768	0	0	0	0.038	
25271172	CHEBI:1161628	0	0	0	0	0.897	0	0	0	0.045	
2733525	tamoxifen	0	0	0	0	0.117	0	0	0	0.006	
3078519	LS-64043	0	0	0	0.02	0	0	0	0	0.001	
3085092	salinomycin	0	0	0	0	0.962	0	0	0	0.048	
312145	wortmannin	0	0	0	0	0	0	0.822	0	0.61	
31307	triamcinolone	0	0	0	0	0	0	0.013	0	0.01	
3657	hydroxyurea	0	0	0	0	0	0	0	0	0	
382058	NSC-669365	0	0	0	0	0.049	0	0	0	0.002	
3973	LY294002	0	0	0	0	0	0	0.1	0	0.074	
42606316	CHEMBL2012903	0	0	0	0	0.137	0	0	0	0.007	
42609338	S14-0232	0	0	0	0	0.236	0	0	0	0.012	
42614390	P50016	0	0	0	0	0.256	0	0	0	0.013	
42646446	SureCN1908949	0	0	0	0	0.363	0	0	0	0.018	
42646706	SureCN1909056	0	0	0	0	0.075	0	0	0	0.004	
4369443	1yw2	0	0	0	0	0.013	0	0	0	0.001	
44137945	cc600	0	0	0	0	0.243	0	0	0	0.012	
44139091	CHEBI:561027	0	0	0	0	0.55	0	0	0	0.028	
44187007	CHEMBL1915448	0	0	0	0	0.824	0	0	0	0.041	
44207795	SureCN4051934	0	0	0	0	0.705	0	0	0	0.035	
44223952	SureCN1675159	0	0	0	0	0.029	0	0	0	0.001	
44223954	SureCN1675205	0	0	0	0	0.403	0	0	0	0.02	
44223967	SureCN1675106	0	0	0	0	0.198	0	0	0	0.01	
44223970	SureCN1675195	0	0	0	0	0.746	0	0	0	0.037	
44223971	SureCN1675158	0	0	0	0	0.637	0	0	0	0.032	
44223973	SureCN1675369	0	0	0	0	0.055	0	0	0	0.003	
44237450	SureCN6524850	0	0	0	0	0.777	0	0	0	0.039	
44242299	SureCN1040695	0	0	0	0	0.822	0	0	0	0.041	
44242362	SureCN989620	0	0	0	0	0.054	0	0	0	0.003	
44242776	3T 8	0	0	0	0	0.821	0	0	0	0.041	
44242777	SureCN988332	0	0	0	0	0.029	0	0	0	0.001	
44259	staurosporine	0	0	0	0	0.206	0	0.874	0	0.659	
44283397	CHEBI:151001	0	0	0	0	0.677	0	0	0	0.034	
44283640	CHEBI:151609	0	0	0	0	0.747	0	0	0	0.037	
44284991	DNC014598	0	0	0	0	0.506	0	0	0	0.025	
44284992	DNC014605	0	0	0	0	0.486	0	0	0	0.024	
44285118	DNC014603	0	0	0	0	0.506	0	0	0	0.025	
44285119	DNC014597	0	0	0	0	0.056	0	0	0	0.003	
44285211	DNC014602	0	0	0	0	0.486	0	0	0	0.024	
44285253	DNC014601	0	0	0	0	0.057	0	0	0	0.003	
44285281	DNC014608	0	0	0	0	0.506	0	0	0	0.025	
44285312	DNC014599	0	0	0	0	0.44	0	0	0	0.022	
44285349	DNC014600	0	0	0	0	0.308	0	0	0	0.015	
44285352	DNC014607	0	0	0	0	0.827	0	0	0	0.041	
44286082	SureCN668120	0	0	0	0	0.477	0	0	0	0.024	
44286153	CHEBI:157388	0	0	0	0	0.476	0	0	0	0.024	
44286178	SureCN667226	0	0	0	0	0.597	0	0	0	0.03	
44297374	CHEMBL52882	0	0	0	0	0.329	0	0	0	0.016	
44299148	C02079	0	0	0	0.221	0.206	0	0	0	0.021	
44299204	CHEBI:186517	0	0	0	0	0.747	0	0	0	0.037	
44299339	CHEBI:186890	0	0	0	0	0.16	0	0	0	0.008	
44304736	CHEMBL62665	0	0	0	0	0.69	0	0	0	0.034	
44304876	SureCN5733387	0	0	0	0	0.421	0	0	0	0.021	
44304908	CHEMBL59876	0	0	0	0	0.458	0	0	0	0.023	
44311864	CHEBI:214929	0	0	0	0	0.472	0	0	0	0.024	
44312304	CHEMBL72567	0	0	0	0	0.548	0	0	0	0.027	
44312541	CHEBI:216380	0	0	0	0	0.652	0	0	0	0.033	
44317895	CHEMBL79506	0	0	0	0	0.445	0	0	0	0.022	
44317896	CHEMBL309385	0	0	0	0	0.521	0	0	0	0.026	
44318066	CHEMBL311194	0	0	0	0	0.741	0	0	0	0.037	
44327591	CHEMBL97661	0	0	0	0	0.353	0	0	0	0.018	
44334083	SureCN8215484	0	0	0	0	0.31	0	0	0	0.015	
44334488	CHEBI:270201	0	0	0	0	0.614	0	0	0	0.031	
44334805	CHEBI:270617	0	0	0	0	0.246	0	0	0	0.012	
44334952	CHEBI:270827	0	0	0	0	0.743	0	0	0	0.037	
44335062	CHEBI:270995	0	0	0	0	0.278	0	0	0	0.014	
44335089	CHEBI:271026	0	0	0	0	0.208	0	0	0	0.01	
44335755	CHEBI:272544	0	0	0	0	0.109	0	0	0	0.005	
44335763	CHEBI:272560	0	0	0	0	0.479	0	0	0	0.024	
44335776	CHEBI:272586	0	0	0	0	0.664	0	0	0	0.033	
44335780	CHEBI:272590	0	0	0	0	0.071	0	0	0	0.004	
44335814	CHEBI:272657	0	0	0	0	0.694	0	0	0	0.035	
44335815	CHEBI:272658	0	0	0	0	0.159	0	0	0	0.008	
44335823	CHEBI:272670	0	0	0	0	0.692	0	0	0	0.035	
44335885	CHEBI:272835	0	0	0	0	0.159	0	0	0	0.008	
44335902	CHEBI:272885	0	0	0	0	0.685	0	0	0	0.034	
44335920	CHEBI:272922	0	0	0	0	0.625	0	0	0	0.031	
44335921	CHEBI:272923	0	0	0	0	0.202	0	0	0	0.01	
44336128	CHEBI:273348	0	0	0	0	0.611	0	0	0	0.031	
44336163	CHEBI:273415	0	0	0	0	0.457	0	0	0	0.023	
44336168	CHEBI:273426	0	0	0	0	0.138	0	0	0	0.007	
44338664	CHEBI:279319	0	0	0	0	0.304	0	0	0	0.015	
44338839	CHEBI:279811	0	0	0	0	0.353	0	0	0	0.018	
44340439	CHEBI:283802	0	0	0	0	0.749	0	0	0	0.037	
44340440	CHEBI:283803	0	0	0	0	0.868	0	0	0	0.043	
44340441	CHEBI:283804	0	0	0	0	0.892	0	0	0	0.045	
44340640	CHEBI:284299	0	0	0	0	0.693	0	0	0	0.035	
44341407	CHEBI:286265	0	0	0	0	0.035	0	0	0	0.002	
44342449	CHEBI:288955	0	0	0	0	0.147	0	0	0	0.007	
44342456	CHEBI:288985	0	0	0	0	0.147	0	0	0	0.007	
44353130	CHEBI:316338	0	0	0	0.019	0	0	0	0	0.001	
44359443	CHEBI:331404	0	0	0	0	0.353	0	0	0	0.018	
44359489	CHEBI:331510	0	0	0	0	0.353	0	0	0	0.018	
44361566	CHEBI:336424	0	0	0	0	0.258	0	0	0	0.013	
44361856	CHEBI:337219	0	0	0	0	0.478	0	0	0	0.024	
44361992	CHEBI:337651	0	0	0	0	0.357	0	0	0	0.018	
44362086	CHEBI:337928	0	0	0	0	0.463	0	0	0	0.023	
44364044	CHEBI:343202	0	0	0	0	0.123	0	0	0	0.006	
44375765	CHEBI:369951	0	0	0	0.004	0	0	0	0	0	
44375766	CHEBI:369953	0	0	0	0.001	0	0	0	0	0	
44376042	CHEBI:370434	0	0	0	0.011	0	0	0	0	0.001	
44383504	CHEBI:387152	0	0	0	0	0.615	0	0	0	0.031	
44385833	CHEBI:392591	0	0	0	0	0.013	0	0	0	0.001	
44386052	CHEBI:393151	0	0	0	0	0.366	0	0	0	0.018	
44386205	CHEBI:393440	0	0	0	0	0.39	0	0	0	0.019	
44386366	CHEBI:393813	0	0	0	0	0.235	0	0	0	0.012	
44386478	CHEBI:394014	0	0	0	0	0.143	0	0	0	0.007	
44386804	CHEBI:394757	0	0	0	0	0.482	0	0	0	0.024	
44386893	CHEBI:394987	0	0	0	0	0.013	0	0	0	0.001	
44389356	CHEBI:400709	0	0	0	0	0.695	0	0	0	0.035	
44389357	CHEBI:400710	0	0	0	0	0.367	0	0	0	0.018	
44389360	CHEBI:400716	0	0	0	0	0.717	0	0	0	0.036	
44389365	CHEBI:400722	0	0	0	0	0.139	0	0	0	0.007	
44389367	CHEBI:400724	0	0	0	0	0.695	0	0	0	0.035	
44389370	CHEBI:400728	0	0	0	0	0.196	0	0	0	0.01	
44389371	CHEBI:400729	0	0	0	0	0.761	0	0	0	0.038	
44389387	CHEBI:400751	0	0	0	0	0.154	0	0	0	0.008	
44389388	CHEBI:400752	0	0	0	0	0.386	0	0	0	0.019	
44389399	CHEBI:400768	0	0	0	0	0.645	0	0	0	0.032	
44389400	CHEBI:400771	0	0	0	0	0.229	0	0	0	0.011	
44389414	CHEBI:400787	0	0	0	0	0.106	0	0	0	0.005	
44389426	CHEBI:400807	0	0	0	0	0.755	0	0	0	0.038	
44389435	CHEBI:400822	0	0	0	0	0.814	0	0	0	0.041	
44389438	CHEBI:400827	0	0	0	0	0.776	0	0	0	0.039	
44389443	CHEBI:400833	0	0	0	0	0.367	0	0	0	0.018	
44389448	CHEBI:400841	0	0	0	0	0.664	0	0	0	0.033	
44389456	CHEBI:400849	0	0	0	0	0.023	0	0	0	0.001	
44392947	CHEBI:406497	0	0	0	0	0.834	0	0	0	0.042	
44392950	CHEBI:406506	0	0	0	0	0.869	0	0	0	0.043	
44392962	CHEBI:406537	0	0	0	0	0.589	0	0	0	0.029	
44392981	CHEBI:406581	0	0	0	0	0.869	0	0	0	0.043	
44392987	CHEBI:406594	0	0	0	0	0.695	0	0	0	0.035	
44396098	CHEBI:411629	0	0	0	0	0.566	0	0	0	0.028	
44397192	SureCN4720745	0	0	0	0	0.307	0	0	0	0.015	
44405954	CHEBI:434073	0	0	0	0	0.825	0	0	0	0.041	
44406000	CHEBI:434167	0	0	0	0	0.825	0	0	0	0.041	
44406684	CHEMBL199299	0	0	0	0	0	0	0.36	0	0.267	
44408572	CHEBI:440823	0	0	0	0	0.003	0	0	0	0	
44412396	CHEBI:449814	0	0	0	0	0.642	0	0	0	0.032	
44412470	CHEBI:450010	0	0	0	0	0.52	0	0	0	0.026	
44412472	CHEBI:450011	0	0	0	0	0.52	0	0	0	0.026	
44412498	CHEBI:450072	0	0	0	0	0.193	0	0	0	0.01	
44412808	CHEMBL211281	0	0	0	0	0.196	0	0	0	0.01	
44414076	CHEBI:454027	0	0	0	0	0.474	0	0	0	0.024	
44414100	CHEBI:454068	0	0	0	0	0.195	0	0	0	0.01	
44414121	CHEBI:454104	0	0	0	0	0.565	0	0	0	0.028	
44414122	CHEBI:454105	0	0	0	0	0.195	0	0	0	0.01	
44414139	CHEBI:454137	0	0	0	0	0.147	0	0	0	0.007	
44414158	CHEBI:454166	0	0	0	0	0.147	0	0	0	0.007	
44414160	CHEBI:454168	0	0	0	0	0.202	0	0	0	0.01	
44414175	CHEBI:454197	0	0	0	0	0.147	0	0	0	0.007	
44414190	CHEBI:454227	0	0	0	0	0.147	0	0	0	0.007	
44417773	CHEBI:463007	0	0	0	0	0.517	0	0	0	0.026	
44417774	CHEBI:463008	0	0	0	0	0.763	0	0	0	0.038	
44417775	CHEBI:463009	0	0	0	0	0.585	0	0	0	0.029	
44417776	CHEBI:463010	0	0	0	0	0.764	0	0	0	0.038	
44417777	CHEBI:463011	0	0	0	0	0.763	0	0	0	0.038	
44417778	CHEBI:463012	0	0	0	0	0.34	0	0	0	0.017	
44417779	CHEBI:463013	0	0	0	0	0.724	0	0	0	0.036	
44417780	CHEBI:463014	0	0	0	0	0.719	0	0	0	0.036	
44417781	CHEBI:463015	0	0	0	0	0.763	0	0	0	0.038	
44417782	CHEBI:463016	0	0	0	0	0.475	0	0	0	0.024	
44417783	CHEBI:463017	0	0	0	0	0.57	0	0	0	0.028	
44417784	SureCN3531512	0	0	0	0	0.487	0	0	0	0.024	
44417785	CHEBI:463019	0	0	0	0	0.573	0	0	0	0.029	
44417786	CHEBI:463020	0	0	0	0	0.55	0	0	0	0.028	
44417787	CHEBI:463021	0	0	0	0	0.699	0	0	0	0.035	
44417788	CHEBI:463022	0	0	0	0	0.655	0	0	0	0.033	
44417789	CHEBI:463023	0	0	0	0	0.651	0	0	0	0.033	
44417790	CHEBI:463024	0	0	0	0	0.591	0	0	0	0.03	
44417791	CHEBI:463025	0	0	0	0	0.584	0	0	0	0.029	
44417792	CHEBI:463026	0	0	0	0	0.655	0	0	0	0.033	
44417793	CHEBI:463027	0	0	0	0	0.57	0	0	0	0.028	
44417794	CHEBI:463028	0	0	0	0	0.55	0	0	0	0.028	
44417795	CHEBI:463029	0	0	0	0	0.503	0	0	0	0.025	
44417796	CHEBI:463030	0	0	0	0	0.655	0	0	0	0.033	
44417797	CHEBI:463031	0	0	0	0	0.68	0	0	0	0.034	
44417798	CHEBI:463032	0	0	0	0	0.68	0	0	0	0.034	
44417799	CHEBI:463033	0	0	0	0	0.751	0	0	0	0.038	
44417809	CHEBI:463044	0	0	0	0	0.562	0	0	0	0.028	
44417812	CHEBI:463048	0	0	0	0	0.073	0	0	0	0.004	
44417813	CHEBI:463049	0	0	0	0	0.475	0	0	0	0.024	
44418361	CHEBI:463915	0	0	0	0	0.216	0	0	0	0.011	
44418365	CHEBI:463919	0	0	0	0	0.679	0	0	0	0.034	
44418448	CHEBI:464038	0	0	0	0	0.053	0	0	0	0.003	
44423526	CHEBI:479022	0	0	0	0	0.346	0	0	0	0.017	
44423527	CHEBI:479023	0	0	0	0	0.103	0	0	0	0.005	
44425576	CHEBI:483746	0	0	0	0	0.129	0	0	0	0.006	
44429012	SureCN6794625	0	0	0	0	0	0	0.066	0	0.049	
44430896	CHEBI:494838	0	0	0	0	0.046	0	0	0	0.002	
44430897	CHEBI:494840	0	0	0	0	0.643	0	0	0	0.032	
44430898	CHEBI:494842	0	0	0	0	0.865	0	0	0	0.043	
44430900	CHEBI:494844	0	0	0	0	0.718	0	0	0	0.036	
44430901	CHEBI:494846	0	0	0	0	0.048	0	0	0	0.002	
44430911	CHEBI:494863	0	0	0	0	0.805	0	0	0	0.04	
44433462	CHEBI:498731	0	0	0	0	0.702	0	0	0	0.035	
44439199	SureCN4962564	0	0	0	0	0.34	0	0	0	0.017	
44439205	SureCN4963122	0	0	0	0	0.205	0	0	0	0.01	
44439214	SureCN1146296	0	0	0	0	0.383	0	0	0	0.019	
44442184	CHEBI:514188	0	0	0	0	0.437	0	0	0	0.022	
44442186	CHEBI:514190	0	0	0	0	0.431	0	0	0	0.022	
44442653	SureCN6784084	0	0	0	0	0.57	0	0	0	0.028	
44442669	CHEBI:514898	0	0	0	0	0.424	0	0	0	0.021	
44442670	SureCN6792758	0	0	0	0	0.361	0	0	0	0.018	
44442671	SureCN6794892	0	0	0	0	0.577	0	0	0	0.029	
44442679	SureCN6217661	0	0	0	0	0.651	0	0	0	0.033	
44442691	SureCN6213681	0	0	0	0	0.279	0	0	0	0.014	
44442692	SureCN6788438	0	0	0	0	0.577	0	0	0	0.029	
44442694	CHEBI:514939	0	0	0	0	0.193	0	0	0	0.01	
44442695	SureCN6790615	0	0	0	0	0.57	0	0	0	0.028	
44442696	SureCN6259936	0	0	0	0	0.651	0	0	0	0.033	
44444037	CHEBI:516903	0	0	0	0	0.231	0	0	0	0.012	
44444472	CHEBI:517612	0	0	0	0	0.184	0	0	0	0.009	
44444473	CHEBI:517614	0	0	0	0	0.223	0	0	0	0.011	
44444555	CHEBI:517731	0	0	0	0	0.127	0	0	0	0.006	
44444843	Kinome_2918	0	0	0	0	0	0	0.144	0	0.107	
44447893	CHEBI:524638	0	0	0	0	0.059	0	0	0	0.003	
44448074	CHEBI:524930	0	0	0	0	0.515	0	0	0	0.026	
44448089	CHEBI:524946	0	0	0	0	0.543	0	0	0	0.027	
44448090	CHEBI:524947	0	0	0	0	0.543	0	0	0	0.027	
44448693	CHEMBL254155	0	0	0	0	0.782	0	0	0	0.039	
44450492	CHEMBL260680	0	0	0	0	0.917	0	0	0	0.046	
44453142	CHEMBL255403	0	0	0	0	0.263	0	0	0	0.013	
44453181	CHEMBL269792	0	0	0	0	0.263	0	0	0	0.013	
44453182	CHEMBL270004	0	0	0	0	0.254	0	0	0	0.013	
44453212	CHEMBL257697	0	0	0	0	0.515	0	0	0	0.026	
44453276	CHEMBL256421	0	0	0	0	0.435	0	0	0	0.022	
44453306	CHEMBL409901	0	0	0	0	0.435	0	0	0	0.022	
44454632	CHEMBL439428	0	0	0	0	0.352	0	0	0	0.018	
44456909	CHEMBL405771	0	0	0	0	0.289	0	0	0	0.014	
44457080	CHEMBL270895	0	0	0	0	0.589	0	0	0	0.029	
44457083	CHEMBL271113	0	0	0	0	0.541	0	0	0	0.027	
44457084	CHEMBL271122	0	0	0	0	0.465	0	0	0	0.023	
44457132	CHEMBL408399	0	0	0	0	0.441	0	0	0	0.022	
44460196	CHEMBL79745	0	0	0	0	0.617	0	0	0	0.031	
44460198	CHEMBL310404	0	0	0	0	0.206	0	0	0	0.01	
44460200	CHEMBL81806	0	0	0	0	0.742	0	0	0	0.037	
44460237	CHEMBL81561	0	0	0	0	0.198	0	0	0	0.01	
44460247	CHEMBL79888	0	0	0	0	0.13	0	0	0	0.007	
44460256	CHEMBL79252	0	0	0	0	0.377	0	0	0	0.019	
44460257	CHEMBL79253	0	0	0	0	0.482	0	0	0	0.024	
44460266	CHEMBL80073	0	0	0	0	0.441	0	0	0	0.022	
44460304	CHEMBL79977	0	0	0	0	0.63	0	0	0	0.032	
44460305	CHEMBL80091	0	0	0	0	0.783	0	0	0	0.039	
44462688	R 24	0	0	0	0	0	0	0.028	0	0.021	
44511484	CHEBI:1171936	0	0	0	0	0.272	0	0	0	0.014	
44511608	CHEBI:1171928	0	0	0	0	0.651	0	0	0	0.033	
44511676	CHEBI:1171933	0	0	0	0	0.008	0	0	0	0	
44511677	CHEBI:1171929	0	0	0	0	0.516	0	0	0	0.026	
44511678	CHEBI:1171934	0	0	0	0	0.479	0	0	0	0.024	
44511679	CHEBI:1171935	0	0	0	0	0.484	0	0	0	0.024	
44511748	CHEBI:1171938	0	0	0	0	0.777	0	0	0	0.039	
44512431	CHEBI:1171927	0	0	0	0	0.018	0	0	0	0.001	
44517634	SureCN3864588	0	0	0	0	0.445	0	0	0	0.022	
44517635	SureCN3864308	0	0	0	0	0.445	0	0	0	0.022	
44520785	W-TJ	0	0	0	0	0.888	0	0	0	0.044	
44552664	SureCN3229654	0	0	0	0	0.224	0	0	0	0.011	
44552666	SureCN4324970	0	0	0	0	0.489	0	0	0	0.024	
44552844	SureCN4321121	0	0	0	0	0.728	0	0	0	0.036	
44554909	SureCN4321431	0	0	0	0	0.604	0	0	0	0.03	
44554913	SureCN4315259	0	0	0	0	0.564	0	0	0	0.028	
44554915	SureCN4321709	0	0	0	0	0.25	0	0	0	0.013	
44555222	CHEBI:722290	0	0	0	0	0.021	0	0	0	0.001	
44555225	SureCN3215232	0	0	0	0	0.536	0	0	0	0.027	
44561590	CHEBI:550003	0	0	0	0	0.4	0	0	0	0.02	
44561591	SureCN4291056	0	0	0	0	0.4	0	0	0	0.02	
44561736	SureCN4127502	0	0	0	0	0.464	0	0	0	0.023	
44561788	SureCN4133732	0	0	0	0	0.093	0	0	0	0.005	
44561830	CHEBI:550402	0	0	0	0	0.498	0	0	0	0.025	
44561867	SureCN4133532	0	0	0	0	0.047	0	0	0	0.002	
44561869	SureCN4134919	0	0	0	0	0.842	0	0	0	0.042	
44562272	CHEBI:551227	0	0	0	0	0.458	0	0	0	0.023	
44562273	CHEBI:551228	0	0	0	0	0.458	0	0	0	0.023	
44562852	CHEBI:552649	0	0	0	0	0.835	0	0	0	0.042	
44563103	CHEBI:553087	0	0	0	0	0.005	0	0	0	0	
44563134	CHEBI:553148	0	0	0	0	0.372	0	0	0	0.019	
44563136	CHEBI:553150	0	0	0	0	0.576	0	0	0	0.029	
44568395	CHEBI:568152	0	0	0	0	0.558	0	0	0	0.028	
44568464	CHEBI:568315	0	0	0	0	0.369	0	0	0	0.018	
44568465	CHEBI:568316	0	0	0	0	0.255	0	0	0	0.013	
44568474	CHEBI:568325	0	0	0	0	0.306	0	0	0	0.015	
44569742	CHEMBL507862	0	0	0	0	0.772	0	0	0	0.039	
44576916	CHEMBL497118	0	0	0	0	0.214	0	0	0	0.011	
44578362	CHEMBL477565	0	0	0	0	0.126	0	0	0	0.006	
44579005	CHEBI:590865	0	0	0	0	0.469	0	0	0	0.023	
44579006	CHEBI:590866	0	0	0	0	0.141	0	0	0	0.007	
44581729	CHEBI:596294	0	0	0	0	0.124	0	0	0	0.006	
44581765	HMS3305I16	0	0	0	0	0.015	0	0	0	0.001	
44582745	SureCN3148145	0	0	0	0	0.561	0	0	0	0.028	
44582766	CHEBI:599164	0	0	0	0	0.639	0	0	0	0.032	
44582767	SureCN3135655	0	0	0	0	0.614	0	0	0	0.031	
44582768	SureCN3148642	0	0	0	0	0.034	0	0	0	0.002	
44582789	SureCN3147961	0	0	0	0	0.199	0	0	0	0.01	
44582871	SureCN3142825	0	0	0	0	0.119	0	0	0	0.006	
44586235	TX-2037	0	0	0	0	0.62	0	0	0	0.031	
44587583	CHEBI:611677	0	0	0	0	0.143	0	0	0	0.007	
44588714	SureCN4101166	0	0	0	0	0.815	0	0	0	0.041	
44588813	SureCN4122584	0	0	0	0	0.301	0	0	0	0.015	
44591388	CHEMBL514342	0	0	0	0	0.529	0	0	0	0.026	
44593074	CHEBI:623651	0	0	0	0	0.604	0	0	0	0.03	
44597227	CHEBI:677906	0	0	0	0	0.45	0	0	0	0.022	
44609322	CHEMBL2048870	0	0	0	0	0.067	0	0	0	0.003	
44609327	7 Li	0	0	0	0	0.064	0	0	0	0.003	
44609391	CHEMBL1914721	0	0	0	0	0.14	0	0	0	0.007	
44622839	CHEBI:718371	0	0	0	0	0.379	0	0	0	0.019	
44622840	CHEBI:718436	0	0	0	0	0.372	0	0	0	0.019	
447446	U cm	0	0	0	0	0	0	0.75	0	0.557	
448537	estrogen	0	0	0	0	0	0	0.793	0	0.589	
449135	2 5a	0	0	0	0	0.732	0	0	0	0.037	
44968184	SureCN1675241	0	0	0	0	0.055	0	0	0	0.003	
44968186	SureCN1675193	0	0	0	0	0.055	0	0	0	0.003	
44968225	SureCN1675253	0	0	0	0	0.145	0	0	0	0.007	
45141350	CHEBI:696508	0	0	0	0	0.628	0	0	0	0.031	
45267033	SureCN4857166	0	0	0	0	0.157	0	0	0	0.008	
45267446	SureCN8941736	0	0	0	0	0	0	0.087	0	0.065	
45268287	CHEBI:656979	0	0	0	0	0	0	0.147	0	0.109	
45268295	CTK8E4186	0	0	0	0	0	0	0.529	0.077	0.42	
45268304	SureCN3765177	0	0	0	0	0	0	0.648	0.039	0.492	
45269542	CHEMBL560210	0	0	0	0	0.083	0	0	0	0.004	
45270042	SureCN3774571	0	0	0	0	0	0	0.648	0.327	0.568	
45271188	SureCN6787948	0	0	0	0	0.361	0	0	0	0.018	
45271705	SureCN3768084	0	0	0	0	0	0	0.648	0.123	0.514	
45272590	SureCN3761635	0	0	0	0	0	0	0.648	0.029	0.489	
45273462	SureCN3760399	0	0	0	0	0	0	0.561	0.114	0.454	
45273473	SureCN3763942	0	0	0	0	0	0	0.648	0.027	0.488	
45280584	SureCN2316044	0	0	0	0	0.525	0	0	0	0.026	
45375954	SureCN1266929	0	0	0	0	0.354	0	0	0	0.018	
45375955	SureCN1266201	0	0	0	0	0.523	0	0	0	0.026	
45380509	SureCN3316011	0	0	0	0	0.174	0	0	0	0.009	
45380694	SureCN3311759	0	0	0	0	0.008	0	0	0	0	
45381216	SureCN3315314	0	0	0	0	0.765	0	0	0	0.038	
45381330	SureCN3313872	0	0	0	0	0.371	0	0	0	0.019	
45381640	SureCN3315958	0	0	0	0	0.301	0	0	0	0.015	
45481524	DNC009913	0	0	0	0	0	0	0.285	0	0.212	
45486182	CHEMBL569312	0	0	0	0	0.469	0	0	0	0.023	
45486226	SureCN3496997	0	0	0	0	0.029	0	0	0	0.001	
45486594	CHEBI:680327	0	0	0	0	0.072	0	0	0	0.004	
45486623	CHEBI:680370	0	0	0	0	0.414	0	0	0	0.021	
45487740	CHEBI:682527	0	0	0	0	0.719	0	0	0	0.036	
45487754	CHEBI:682556	0	0	0	0	0.808	0	0	0	0.04	
460612	melphalan	0	0	0	0	0	0	0	0	0	
46182743	SureCN7711192	0	0	0	0	0.687	0	0	0	0.034	
46192859	SureCN4741988	0	0	0	0	0.155	0	0	0	0.008	
46192860	SureCN4743640	0	0	0	0	0.155	0	0	0	0.008	
46192992	SureCN4744217	0	0	0	0	0.063	0	0	0	0.003	
46193129	SureCN4786820	0	0	0	0	0.045	0	0	0	0.002	
46193130	SureCN4896615	0	0	0	0	0.045	0	0	0	0.002	
46193131	SureCN4745246	0	0	0	0	0.337	0	0	0	0.017	
46193132	SureCN4741672	0	0	0	0	0.849	0	0	0	0.042	
46220225	SureCN561236	0	0	0	0	0.045	0	0	0	0.002	
46222471	CHEBI:729334	0	0	0	0	0.268	0	0	0	0.013	
46224684	Kinome_2481	0	0	0	0	0	0	0.342	0.003	0.255	
46224753	CHEBI:690303	0	0	0	0	0.449	0	0	0	0.022	
46225540	SureCN4658507	0	0	0	0.058	0	0	0	0	0.003	
46230185	CHEBI:699213	0	0	0	0	0.875	0	0	0	0.044	
46232542	CHEBI:702394	0	0	0	0	0.14	0	0	0	0.007	
46237143	SureCN4310617	0	0	0	0	0.057	0	0	0	0.003	
4679	pantoprazole	0	0	0	0	0.305	0	0	0	0.015	
46836917	CHEMBL2010875	0	0	0	0	0.294	0	0	0	0.015	
46837768	CHEBI:749893	0	0	0	0	0.351	0	0	0	0.018	
46846637	SureCN3793305	0	0	0	0	0.421	0	0	0	0.021	
46846640	SureCN3803707	0	0	0	0	0.744	0	0	0	0.037	
46846735	SureCN3794367	0	0	0	0	0.161	0	0	0	0.008	
46847181	SureCN3803661	0	0	0	0	0.613	0	0	0	0.031	
46847557	SureCN3792901	0	0	0	0	0.711	0	0	0	0.036	
46852202	SureCN520057	0	0	0	0	0.036	0	0	0	0.002	
46861862	SureCN4127009	0	0	0	0	0.112	0	0	0	0.006	
46865423	CHEBI:722294	0	0	0	0	0.443	0	0	0	0.022	
46865424	SureCN3211158	0	0	0	0	0.137	0	0	0	0.007	
46865430	SureCN2575965	0	0	0	0	0.013	0	0	0	0.001	
46866788	SureCN209542	0	0	0	0	0.581	0	0	0	0.029	
46867945	CHEBI:731333	0	0	0	0	0.608	0	0	0	0.03	
46868085	CHEBI:731219	0	0	0	0	0.386	0	0	0	0.019	
46871820	3n D	0	0	0	0	0.099	0	0	0	0.005	
46871821	SureCN5090652	0	0	0	0	0.099	0	0	0	0.005	
46875028	CHEMBL606429	0	0	0	0	0.241	0	0	0	0.012	
46879483	CHEBI:711577	0	0	0	0	0.147	0	0	0	0.007	
46879485	SureCN1266049	0	0	0	0	0.256	0	0	0	0.013	
46879545	CHEBI:711664	0	0	0	0	0.181	0	0	0	0.009	
46879546	CHEBI:711666	0	0	0	0	0.256	0	0	0	0.013	
46879603	CHEBI:711760	0	0	0	0	0.66	0	0	0	0.033	
46880122	SureCN1265682	0	0	0	0	0.158	0	0	0	0.008	
46880258	CHEBI:712755	0	0	0	0	0.187	0	0	0	0.009	
46880364	SureCN1601841	0	0	0	0	0.49	0	0	0	0.025	
46880790	CHEBI:713587	0	0	0	0	0.166	0	0	0	0.008	
46880826	CHEBI:713654	0	0	0	0	0.071	0	0	0	0.004	
46880862	CHEBI:713718	0	0	0	0	0.508	0	0	0	0.025	
46880950	CHEBI:713859	0	0	0	0	0.2	0	0	0	0.01	
46881850	CHEBI:716168	0	0	0	0	0.424	0	0	0	0.021	
46882000	CHEBI:716438	0	0	0	0	0.255	0	0	0	0.013	
46883044	CHEBI:718212	0	0	0	0	0.019	0	0	0	0.001	
46883165	CHEBI:718437	0	0	0	0	0.188	0	0	0	0.009	
46884525	SureCN1409463	0	0	0	0	0.45	0	0	0	0.022	
46885278	SureCN1431094	0	0	0	0	0.056	0	0	0	0.003	
46885281	SureCN1409309	0	0	0	0	0.11	0	0	0	0.005	
46885496	SureCN4329715	0	0	0	0	0.735	0	0	0	0.037	
46885565	SureCN4322473	0	0	0	0	0.431	0	0	0	0.022	
46885566	CHEBI:722426	0	0	0	0	0.339	0	0	0	0.017	
46885599	CHEBI:722497	0	0	0	0	0.638	0	0	0	0.032	
46886323	Kinome_714	0	0	0	0	0	0	0	0.001	0.001	
46886549	SureCN4596053	0	0	0	0	0.229	0	0	0	0.011	
46886550	SureCN4595709	0	0	0	0	0.324	0	0	0	0.016	
46888685	SureCN4319433	0	0	0	0	0.266	0	0	0	0.013	
46888686	SureCN4305337	0	0	0	0	0.24	0	0	0	0.012	
46888772	SureCN4307021	0	0	0	0	0.154	0	0	0	0.008	
46888773	SureCN4306936	0	0	0	0	0.204	0	0	0	0.01	
46889032	SureCN4121727	0	0	0	0	0.164	0	0	0	0.008	
46889346	CHEBI:730305	0	0	0	0	0.534	0	0	0	0.027	
46889382	CHEBI:730357	0	0	0	0	0.365	0	0	0	0.018	
46889383	CHEBI:730358	0	0	0	0	0.365	0	0	0	0.018	
46889384	CHEBI:730359	0	0	0	0	0.365	0	0	0	0.018	
46889385	CHEBI:730360	0	0	0	0	0.138	0	0	0	0.007	
46889401	CHEBI:730397	0	0	0	0	0.361	0	0	0	0.018	
46889402	CHEBI:730398	0	0	0	0	0.698	0	0	0	0.035	
46889403	CHEBI:730399	0	0	0	0	0.248	0	0	0	0.012	
46889404	CHEBI:730400	0	0	0	0	0.225	0	0	0	0.011	
46889850	CHEBI:731060	0	0	0	0	0.052	0	0	0	0.003	
46889911	CHEBI:731181	0	0	0	0	0.412	0	0	0	0.021	
46889912	CHEBI:731182	0	0	0	0	0.412	0	0	0	0.021	
46889922	CHEBI:731220	0	0	0	0	0.742	0	0	0	0.037	
46889932	CHEBI:731240	0	0	0	0	0.702	0	0	0	0.035	
46889934	CHEBI:731242	0	0	0	0	0.467	0	0	0	0.023	
46890047	CHEBI:731516	0	0	0	0	0.452	0	0	0	0.023	
46890048	CHEBI:731517	0	0	0	0	0.736	0	0	0	0.037	
46890049	CHEBI:731518	0	0	0	0	0.161	0	0	0	0.008	
46890050	CHEBI:731519	0	0	0	0	0.612	0	0	0	0.031	
46890096	CHEBI:731586	0	0	0	0	0.391	0	0	0	0.02	
46890097	CHEBI:731587	0	0	0	0	0.099	0	0	0	0.005	
46890610	SureCN5087551	0	0	0	0	0.249	0	0	0	0.012	
46890649	CHEBI:732564	0	0	0	0	0.016	0	0	0	0.001	
46890650	CHEBI:732565	0	0	0	0	0.298	0	0	0	0.015	
46890651	CHEBI:732566	0	0	0	0	0.906	0	0	0	0.045	
46890652	CHEBI:732567	0	0	0	0	0.091	0	0	0	0.005	
46890653	CHEBI:732568	0	0	0	0	0.091	0	0	0	0.005	
46890702	CHEBI:732638	0	0	0	0	0.091	0	0	0	0.005	
46890703	CHEBI:732639	0	0	0	0	0.587	0	0	0	0.029	
46890704	CHEBI:732640	0	0	0	0	0.896	0	0	0	0.045	
46890705	CHEBI:732641	0	0	0	0	0.024	0	0	0	0.001	
46891423	CHEBI:733676	0	0	0	0	0.717	0	0	0	0.036	
46891467	CHEBI:733749	0	0	0	0	0.535	0	0	0	0.027	
46891468	CHEBI:733750	0	0	0	0	0.523	0	0	0	0.026	
46891469	CHEBI:733751	0	0	0	0	0.411	0	0	0	0.021	
46891472	CHEBI:733754	0	0	0	0	0.024	0	0	0	0.001	
46898068	CHEBI:807156	0	0	0	0	0.125	0	0	0	0.006	
46899902	SureCN1424506	0	0	0	0	0.481	0	0	0	0.024	
46900231	SureCN1424186	0	0	0	0	0.489	0	0	0	0.024	
46900233	SureCN1424612	0	0	0	0	0.598	0	0	0	0.03	
46900386	SureCN1424142	0	0	0	0	0.72	0	0	0	0.036	
46900387	SureCN1424096	0	0	0	0	0.72	0	0	0	0.036	
46900388	SureCN1424833	0	0	0	0	0.72	0	0	0	0.036	
46900439	CHEBI:787030	0	0	0	0	0.237	0	0	0	0.012	
46900588	CHEBI:787031	0	0	0	0	0.237	0	0	0	0.012	
46900891	SureCN1424492	0	0	0	0	0.712	0	0	0	0.036	
46901053	SureCN1424437	0	0	0	0	0.409	0	0	0	0.02	
46901261	CHEBI:787392	0	0	0	0	0.263	0	0	0	0.013	
46908026	SureCN1724904	0	0	0	0	0.059	0	0	0	0.003	
46911725	CHEBI:1247127	0	0	0	0	0.425	0	0	0	0.021	
46915920	CHEBI:786853	0	0	0	0	0.755	0	0	0	0.038	
46916172	SureCN1675101	0	0	0	0	0.746	0	0	0	0.037	
4713	PD98059	0	0	0	0	0	0	0.697	0	0.518	
481748	AC1LA59W	0	0	0	0	0.297	0	0	0	0.015	
4829	pioglitazone	0	0	0	0	0	0	0.766	0	0.569	
490561	AC1LAL9C	0	0	0	0	0	0	0.867	0	0.644	
49781044	SureCN6876476	0	0	0	0	0.096	0	0	0	0.005	
49797967	CHEBI:747822	0	0	0	0	0.003	0	0	0	0	
49798998	CHEBI:750036	0	0	0	0	0.518	0	0	0	0.026	
49799032	CHEBI:750095	0	0	0	0	0.056	0	0	0	0.003	
49799333	CHEBI:750645	0	0	0	0	0.082	0	0	0	0.004	
49820690	SureCN14329153	0	0	0	0	0.338	0	0	0	0.017	
49831209	SureCN2123654	0	0	0	0	0.169	0	0	0	0.008	
49837089	SureCN3497448	0	0	0	0	0.1	0	0	0	0.005	
49837090	SureCN3497413	0	0	0	0	0.1	0	0	0	0.005	
49837402	SureCN3496967	0	0	0	0	0.271	0	0	0	0.014	
49839838	SureCN2634896	0	0	0	0	0.673	0	0	0	0.034	
49840034	CHEBI:810764	0	0	0	0	0.084	0	0	0	0.004	
49840035	CHEBI:810817	0	0	0	0	0.393	0	0	0	0.02	
49855457	SureCN2709590	0	0	0	0	0.441	0	0	0	0.022	
49856319	CHEBI:1152976	0	0	0	0	0.494	0	0	0	0.025	
49856322	CHEBI:1152979	0	0	0	0	0.073	0	0	0	0.004	
49864239	CHEBI:787663	0	0	0	0	0.408	0	0	0	0.02	
49864389	CHEBI:788084	0	0	0	0	0.912	0	0	0	0.046	
49864750	SureCN5087557	0	0	0	0	0.104	0	0	0	0.005	
49865297	SureCN5478079	0	0	0	0	0.565	0	0	0	0.028	
49865298	SureCN5475833	0	0	0	0	0.789	0	0	0	0.039	
503593	pppA2'p5'A2'p5'A	0	0	0	0	0.884	0	0	0	0.044	
5083	Ro 31-8220	0	0	0	0.21	0	0	0	0	0.01	
50938549	OSI-971	0	0	0	0	0.083	0	0	0	0.004	
50940108	SureCN2124723	0	0	0	0	0.192	0	0	0	0.01	
50941272	CHEBI:1161630	0	0	0	0	0.735	0	0	0	0.037	
50941379	CHEBI:1161629	0	0	0	0	0.369	0	0	0	0.018	
50942714	CHEBI:1161622	0	0	0	0	0.671	0	0	0	0.034	
50942715	CHEBI:1161626	0	0	0	0	0.62	0	0	0	0.031	
50990924	QK0	0	0	0	0	0.108	0	0	0	0.005	
51033838	UNM	0	0	0	0	0.494	0	0	0	0.025	
51346940	CHEBI:1238861	0	0	0	0	0.29	0	0	0	0.014	
51353707	CHEBI:1244613	0	0	0	0	0.503	0	0	0	0.025	
51353708	CHEBI:1244614	0	0	0	0	0.503	0	0	0	0.025	
51353709	CHEBI:1244615	0	0	0	0	0.503	0	0	0	0.025	
51354315	CHEBI:1244638	0	0	0	0	0.79	0	0	0	0.04	
51354317	CHEBI:1244639	0	0	0	0	0.083	0	0	0	0.004	
51354597	CHEBI:1244641	0	0	0	0	0.537	0	0	0	0.027	
51354599	CHEBI:1244642	0	0	0	0	0.79	0	0	0	0.04	
51354600	CHEBI:1244643	0	0	0	0	0.941	0	0	0	0.047	
51354878	CHEBI:1244645	0	0	0	0	0.398	0	0	0	0.02	
51354879	CHEBI:1244768	0	0	0	0	0.179	0	0	0	0.009	
51354880	CHEBI:1244769	0	0	0	0	0.609	0	0	0	0.03	
51355171	CHEBI:1244773	0	0	0	0	0.633	0	0	0	0.032	
51355172	CHEBI:1244774	0	0	0	0	0.827	0	0	0	0.041	
51355173	CHEBI:1244775	0	0	0	0	0.108	0	0	0	0.005	
51355174	CHEBI:1244776	0	0	0	0	0.108	0	0	0	0.005	
5280335	sphingosine	0	0	0	0	0	0	0.012	0	0.009	
5280343	quercetin	0	0	0	0	0	0	0	0	0	
5280757	bryostatin	0	0	0	0	0.768	0	0	0	0.038	
5280961	genistein	0	0	0	0	0	0	0	0	0	
5282322	leucomycin A1	0	0	0	0	0.507	0	0	0	0.025	
5284616	rapamycin	0	0	0	0	0	0	0.105	0	0.078	
5287844	Bi-O	0	0	0	0	0	0	0.144	0	0.107	
5288222	1r78	0	0	0	0	0.463	0	0	0	0.023	
5288709	1ke6	0	0	0	0	0.142	0	0	0	0.007	
52933429	SureCN1647912	0	0	0	0	0.048	0	0	0	0.002	
52934381	SureCN1647891	0	0	0	0	0.273	0	0	0	0.014	
52935059	SureCN1648804	0	0	0	0	0.303	0	0	0	0.015	
52935715	SureCN1649565	0	0	0	0	0.331	0	0	0	0.017	
52935926	SureCN1648731	0	0	0	0	0.12	0	0	0	0.006	
52936621	CHEBI:1240808	0	0	0	0	0	0	0	0.001	0.001	
52937065	CHEBI:1240651	0	0	0	0	0.038	0	0	0	0.002	
52937166	CHEBI:1240653	0	0	0	0	0.038	0	0	0	0.002	
52937323	CHEBI:1241576	0	0	0	0	0.665	0	0	0	0.033	
52940914	CHEMBL1271435	0	0	0	0	0.552	0	0	0	0.028	
52940946	CHEMBL1270712	0	0	0	0	0.095	0	0	0	0.005	
52940972	CHEMBL1270319	0	0	0	0	0.236	0	0	0	0.012	
52941363	SureCN3285843	0	0	0	0	0.125	0	0	0	0.006	
52941548	CHEBI:807844	0	0	0	0	0.416	0	0	0	0.021	
52941556	SureCN2799487	0	0	0	0	0.357	0	0	0	0.018	
52942027	CHEMBL1271328	0	0	0	0	0.418	0	0	0	0.021	
52942072	CHEMBL1270818	0	0	0	0	0.56	0	0	0	0.028	
52942082	CHEMBL1270920	0	0	0	0	0.742	0	0	0	0.037	
52942107	CHEMBL1271227	0	0	0	0	0.292	0	0	0	0.015	
52942116	CHEMBL1271413	0	0	0	0	0.239	0	0	0	0.012	
52942167	CHEMBL1270318	0	0	0	0	0.395	0	0	0	0.02	
52942593	CHEBI:807272	0	0	0	0	0.125	0	0	0	0.006	
52942740	CHEBI:807724	0	0	0	0	0.416	0	0	0	0.021	
52943109	CHEBI:810970	0	0	0	0	0.508	0	0	0	0.025	
52943453	CHEMBL1270223	0	0	0	0	0.064	0	0	0	0.003	
52944516	CHEBI:807500	0	0	0	0	0.125	0	0	0	0.006	
52944531	CHEMBL1270512	0	0	0	0	0.523	0	0	0	0.026	
52944679	CHEMBL1269880	0	0	0	0	0.609	0	0	0	0.03	
52945072	CHEBI:807364	0	0	0	0	0.018	0	0	0	0.001	
52945145	CHEBI:807690	0	0	0	0	0.647	0	0	0	0.032	
52945704	CHEMBL1270713	0	0	0	0	0.467	0	0	0	0.023	
52945854	CHEMBL1270116	0	0	0	0	0.405	0	0	0	0.02	
52946208	CHEBI:806444	0	0	0	0	0.114	0	0	0	0.006	
52946431	CHEBI:807960	0	0	0	0	0.622	0	0	0	0.031	
52946956	SureCN13983592	0	0	0	0	0.239	0	0	0	0.012	
52947547	CHEBI:817187	0	0	0	0	0.876	0	0	0	0.044	
52947592	CHEBI:807723	0	0	0	0	0.439	0	0	0	0.022	
52948087	CHEMBL1271327	0	0	0	0	0.513	0	0	0	0.026	
52948128	CHEMBL1270614	0	0	0	0	0.095	0	0	0	0.005	
52948139	CHEMBL1270815	0	0	0	0	0.396	0	0	0	0.02	
52948167	SureCN13983626	0	0	0	0	0.314	0	0	0	0.016	
52948258	CHEBI:807124	0	0	0	0	0.341	0	0	0	0.017	
52949456	CHEMBL1270418	0	0	0	0	0.615	0	0	0	0.031	
52949457	CHEMBL1270419	0	0	0	0	0.523	0	0	0	0.026	
52949521	SureCN3284083	0	0	0	0	0.125	0	0	0	0.006	
52949940	SureCN2006204	0	0	0	0	0.151	0	0	0	0.008	
52950015	SureCN6107993	0	0	0	0	0.133	0	0	0	0.007	
52950048	CHEBI:807845	0	0	0	0	0.327	0	0	0	0.016	
52950191	CHEMBL1270817	0	0	0	0	0.467	0	0	0	0.023	
52950212	CHEBI:812146	0	0	0	0	0.665	0	0	0	0.033	
53233133	CHEBI:1249178	0	0	0	0	0.344	0	0	0	0.017	
53237046	SureCN2708263	0	0	0	0	0.138	0	0	0	0.007	
53237047	SureCN2709341	0	0	0	0	0.138	0	0	0	0.007	
53237719	SureCN2710208	0	0	0	0	0.255	0	0	0	0.013	
53237721	SureCN2709437	0	0	0	0	0.255	0	0	0	0.013	
53251321	CHEMBL1938683	0	0	0	0	0.544	0	0	0	0.027	
5326739	indirubin-3'-monoxime	0	0	0	0	0	0	0.774	0	0.575	
5326976	CK2 inhibitor 2	0	0	0	0	0	0	0.25	0	0.186	
5327064	2baj	0	0	0	0	0.596	0	0	0	0.03	
5328321	AC1NS4A3	0	0	0	0	0.161	0	0	0	0.008	
5328322	AC1NS4A6	0	0	0	0	0.27	0	0	0	0.014	
5328323	AC1NS4A9	0	0	0	0	0.392	0	0	0	0.02	
5328324	AC1NS4AC	0	0	0	0	0.498	0	0	0	0.025	
5328325	AC1NS4AF	0	0	0	0	0.678	0	0	0	0.034	
5328949	AC1NS5PS	0	0	0	0	0.057	0	0	0	0.003	
5329093	AC1NS61S	0	0	0	0	0.433	0	0	0	0.022	
5329094	AC1NS61V	0	0	0	0	0.538	0	0	0	0.027	
5329102	sunitinib	0	0	0	0	0	0	0.113	0	0.084	
5329103	SU11652	0	0	0	0	0	0	0.342	0	0.254	
5329148	AC1NS66B	0	0	0	0	0.509	0	0	0	0.025	
5329165	Indolin-2-one deriv. 9c	0	0	0	0	0.818	0	0	0	0.041	
5329446	AC1NS6U8	0	0	0	0	0.408	0	0	0	0.02	
5329450	pyrazolo[1	5-a]pyrimidine 4e	0	0	0	0	0.251	0	0	0	0.013	
5329691	AC1NS7EK	0	0	0	0	0.056	0	0	0	0.003	
5329751	Indenopyrazole 6m	0	0	0	0	0.054	0	0	0	0.003	
5329764	Indenopyrazole 11k	0	0	0	0	0.156	0	0	0	0.008	
5329766	Indenopyrazole 11n	0	0	0	0	0.249	0	0	0	0.012	
5330114	AC1NS8DK	0	0	0	0	0.102	0	0	0	0.005	
5330270	AC1NS8QJ	0	0	0	0	0.482	0	0	0	0.024	
5330271	AC1NS8QM	0	0	0	0	0.325	0	0	0	0.016	
5330272	AC1NS8QP	0	0	0	0	0.555	0	0	0	0.028	
5330273	AC1NS8QS	0	0	0	0	0.425	0	0	0	0.021	
5330307	2-aminoquinazoline 8	0	0	0	0	0.403	0	0	0	0.02	
5330315	2-aminoquinazoline 17	0	0	0	0	0.294	0	0	0	0.015	
5330480	AC1NS982	0	0	0	0	0.147	0	0	0	0.007	
5330483	AC1NS98B	0	0	0	0	0.393	0	0	0	0.02	
5330502	AC1NS99W	0	0	0	0	0.701	0	0	0	0.035	
5330522	AC1NS9BK	0	0	0	0	0.147	0	0	0	0.007	
5330693	1	7-annulated Indolocarbazole Deriv. 13bc	0	0	0	0	0.551	0	0	0	0.028	
53307606	SureCN990459	0	0	0	0	0.842	0	0	0	0.042	
5330797	CDK4 inhibitor	0	0	0	0	0	0	0.38	0	0.282	
5330812	D-K-I	0	0	0	0	0	0	0.359	0	0.267	
5330848	acylsemicarbazide deriv. 3a	0	0	0	0	0.354	0	0	0	0.018	
5330849	acylsemicarbazide deriv. 3b	0	0	0	0	0.559	0	0	0	0.028	
5330850	acylsemicarbazide deriv. 3c	0	0	0	0	0.209	0	0	0	0.01	
5330851	acylsemicarbazide deriv. 3d	0	0	0	0	0.079	0	0	0	0.004	
5330853	acylsemicarbazide deriv. 3g	0	0	0	0	0.275	0	0	0	0.014	
5330854	acylsemicarbazide deriv. 3h	0	0	0	0	0.572	0	0	0	0.029	
5330855	acylsemicarbazide deriv. 3i	0	0	0	0	0.71	0	0	0	0.035	
5330856	acylsemicarbazide deriv. 3j	0	0	0	0	0.069	0	0	0	0.003	
5330857	AC1NS9S2	0	0	0	0	0.214	0	0	0	0.011	
5330858	AC1NS9S5	0	0	0	0	0.213	0	0	0	0.011	
5330859	AC1NS9S8	0	0	0	0	0.206	0	0	0	0.01	
5330860	acylsemicarbazide deriv. 3n	0	0	0	0	0.202	0	0	0	0.01	
5330861	acylsemicarbazide deriv. 3o	0	0	0	0	0.485	0	0	0	0.024	
5330863	acylsemicarbazide deriv. 3q	0	0	0	0	0.271	0	0	0	0.014	
5330864	acylsemicarbazide deriv. 3r	0	0	0	0	0.078	0	0	0	0.004	
5330865	acylsemicarbazide deriv. 3s	0	0	0	0	0.324	0	0	0	0.016	
5330868	acylsemicarbazide deriv. 3v	0	0	0	0	0.105	0	0	0	0.005	
5330869	AC1NS9T2	0	0	0	0	0.646	0	0	0	0.032	
5330870	AC1NS9T5	0	0	0	0	0.65	0	0	0	0.033	
5330873	acylsemicarbazide deriv. 3aa	0	0	0	0	0.676	0	0	0	0.034	
5330874	acylsemicarbazide deriv. 3ab	0	0	0	0	0.247	0	0	0	0.012	
5330875	acylsemicarbazide deriv. 3ac	0	0	0	0	0.105	0	0	0	0.005	
5330876	acylsemicarbazide deriv. 3ad	0	0	0	0	0.697	0	0	0	0.035	
5331036	AC1NSA6Y	0	0	0	0	0.078	0	0	0	0.004	
53316638	CHEBI:1166422	0	0	0	0	0.208	0	0	0	0.01	
53316665	CHEBI:1155475	0	0	0	0	0.422	0	0	0	0.021	
53316876	CHEBI:1168570	0	0	0	0	0.529	0	0	0	0.026	
53316878	CHEBI:1168581	0	0	0	0	0.522	0	0	0	0.026	
53316879	CHEBI:1168583	0	0	0	0	0.612	0	0	0	0.031	
53317125	CHEBI:1172920	0	0	0	0	0.416	0	0	0	0.021	
53317664	CHEBI:1174484	0	0	0	0	0.478	0	0	0	0.024	
53317972	CHEBI:1155457	0	0	0	0	0.698	0	0	0	0.035	
53318087	CHEBI:1157779	0	0	0	0	0.481	0	0	0	0.024	
53318194	CHEBI:1168579	0	0	0	0	0.662	0	0	0	0.033	
53318625	CHEBI:1171949	0	0	0	0	0.423	0	0	0	0.021	
53318869	CHEBI:1155479	0	0	0	0	0.825	0	0	0	0.041	
53319315	CHEBI:1155473	0	0	0	0	0.04	0	0	0	0.002	
53319545	CHEBI:1168571	0	0	0	0	0.127	0	0	0	0.006	
53319546	CHEBI:1168577	0	0	0	0	0.53	0	0	0	0.027	
53319547	CHEBI:1168582	0	0	0	0	0.324	0	0	0	0.016	
53319892	CHEBI:1175940	0	0	0	0	0.174	0	0	0	0.009	
53320317	CHEBI:1157788	0	0	0	0	0.709	0	0	0	0.035	
53321918	CHEBI:1155477	0	0	0	0	0.826	0	0	0	0.041	
53322170	CHEBI:1168576	0	0	0	0	0.303	0	0	0	0.015	
53322171	CHEBI:1168584	0	0	0	0	0.53	0	0	0	0.027	
53323686	CHEBI:1175122	0	0	0	0	0.298	0	0	0	0.015	
53324706	CHEBI:1157785	0	0	0	0	0.609	0	0	0	0.03	
53324707	CHEBI:1157786	0	0	0	0	0.2	0	0	0	0.01	
53324818	CHEBI:1168572	0	0	0	0	0.354	0	0	0	0.018	
53325184	SureCN3386086	0	0	0	0	0.783	0	0	0	0.039	
53325900	CHEBI:1155472	0	0	0	0	0.134	0	0	0	0.007	
53325901	CHEBI:1155474	0	0	0	0	0.799	0	0	0	0.04	
53325902	CHEBI:1155476	0	0	0	0	0.422	0	0	0	0.021	
53325903	CHEBI:1155478	0	0	0	0	0.678	0	0	0	0.034	
53325904	CHEBI:1155483	0	0	0	0	0.411	0	0	0	0.021	
53326007	CHEBI:1157787	0	0	0	0	0.573	0	0	0	0.029	
53326097	CHEBI:1168578	0	0	0	0	0.434	0	0	0	0.022	
53326098	CHEBI:1168580	0	0	0	0	0.506	0	0	0	0.025	
53326722	CHEBI:1155471	0	0	0	0	0.422	0	0	0	0.021	
53326873	CHEBI:1157780	0	0	0	0	0.441	0	0	0	0.022	
53341503	0 NL	0	0	0	0	0.356	0	0	0	0.018	
53348194	CHEMBL1667899	0	0	0	0	0.927	0	0	0	0.046	
53348197	CHEBI:1238369	0	0	0	0	0.417	0	0	0	0.021	
53363611	CHEMBL1914947	0	0	0	0	0.12	0	0	0	0.006	
53372416	CHEMBL1952105	0	0	0	0	0.745	0	0	0	0.037	
53372540	SureCN2241361	0	0	0	0	0.159	0	0	0	0.008	
53372541	E46	0	0	0	0	0.141	0	0	0	0.007	
53372543	CHEMBL1952133	0	0	0	0	0.783	0	0	0	0.039	
53372544	CHEMBL1952124	0	0	0	0	0.762	0	0	0	0.038	
53372668	CHEMBL1952144	0	0	0	0	0.27	0	0	0	0.014	
53372669	CHEMBL1952125	0	0	0	0	0.927	0	0	0	0.046	
53372670	CHEMBL1952126	0	0	0	0	0.87	0	0	0	0.043	
53372790	CHEMBL1952142	0	0	0	0	0.312	0	0	0	0.016	
53372791	CHEMBL1952117	0	0	0	0	0.052	0	0	0	0.003	
53380818	SureCN3313917	0	0	0	0	0.119	0	0	0	0.006	
53465297	SureCN520923	0	0	0	0	0.806	0	0	0	0.04	
53482132	SureCN2060662	0	0	0	0	0.709	0	0	0	0.035	
54576042	CHEMBL2147767	0	0	0	0	0.403	0	0	0	0.02	
54578104	SureCN520592	0	0	0	0	0.267	0	0	0	0.013	
54578105	SureCN519672	0	0	0	0	0.267	0	0	0	0.013	
54578108	SureCN522072	0	0	0	0	0.454	0	0	0	0.023	
54578323	SureCN521188	0	0	0	0	0.806	0	0	0	0.04	
54578324	SureCN520476	0	0	0	0	0.528	0	0	0	0.026	
54580689	SureCN3865498	0	0	0	0	0.445	0	0	0	0.022	
54580690	CHEBI:1246645	0	0	0	0	0.803	0	0	0	0.04	
54580728	CHEBI:1246854	0	0	0	0	0.343	0	0	0	0.017	
54580729	CHEBI:1246863	0	0	0	0	0.076	0	0	0	0.004	
54580769	CHEBI:1247125	0	0	0	0	0.686	0	0	0	0.034	
54581186	CHEBI:1249190	0	0	0	0	0.049	0	0	0	0.002	
54581290	CHEBI:1238842	0	0	0	0	0.533	0	0	0	0.027	
54581693	SureCN3863584	0	0	0	0	0.045	0	0	0	0.002	
54581730	SureCN4363224	0	0	0	0	0.298	0	0	0	0.015	
54582304	CHEBI:1238862	0	0	0	0	0.284	0	0	0	0.014	
54582305	CHEBI:1238865	0	0	0	0	0.152	0	0	0	0.008	
54582306	CHEBI:1238867	0	0	0	0	0.019	0	0	0	0.001	
54582307	CHEBI:1238868	0	0	0	0	0.694	0	0	0	0.035	
54582720	CHEBI:1246864	0	0	0	0	0.081	0	0	0	0.004	
54582850	CHEBI:1247665	0	0	0	0	0.721	0	0	0	0.036	
54582916	CHEBI:1237435	0	0	0	0	0.134	0	0	0	0.007	
54583279	CHEBI:1238854	0	0	0	0	0.001	0	0	0	0	
54584242	CHEBI:1238849	0	0	0	0	0.355	0	0	0	0.018	
54584640	CHEBI:1246752	0	0	0	0	0.041	0	0	0	0.002	
54585111	CHEBI:1249308	0	0	0	0	0.066	0	0	0	0.003	
54585212	CHEBI:1238847	0	0	0	0	0.385	0	0	0	0.019	
54585645	CHEBI:1247129	0	0	0	0	0.605	0	0	0	0.03	
54587028	CHEBI:1249181	0	0	0	0	0.051	0	0	0	0.003	
54587174	CHEBI:1238843	0	0	0	0	0.682	0	0	0	0.034	
54587513	CHEBI:1246297	0	0	0	0	0.017	0	0	0	0.001	
54587582	CHEBI:1246648	0	0	0	0	0.736	0	0	0	0.037	
54587823	CHEMBL2152943	0	0	0	0	0.319	0	0	0	0.016	
54589424	SureCN1698471	0	0	0	0	0.82	0	0	0	0.041	
54669876	SureCN990055	0	0	0	0	0.402	0	0	0	0.02	
5468572	NSC-671801	0	0	0	0	0.417	0	0	0	0.021	
5471818	NSC722219	0	0	0	0	0.003	0	0	0	0	
54760985	SureCN1698564	0	0	0	0	0.807	0	0	0	0.04	
5494425	pyridone 6	0	0	0	0	0	0	0.318	0	0.236	
55245	mifepristone	0	0	0	0	0	0	0.058	0	0.043	
56593141	M6-1	0	0	0	0	0.244	0	0	0	0.012	
56595053	CHEMBL1835145	0	0	0	0	0.423	0	0	0	0.021	
56595422	CHEMBL1911003	0	0	0	0	0.031	0	0	0	0.002	
56657938	CHEMBL1822786	0	0	0	0	0.724	0	0	0	0.036	
56658538	CHEMBL1823474	0	0	0	0	0.395	0	0	0	0.02	
56658543	SureCN4048022	0	0	0	0	0.53	0	0	0	0.027	
56659490	SureCN3579513	0	0	0	0	0.023	0	0	0	0.001	
56661463	CHEMBL1822779	0	0	0	0	0.714	0	0	0	0.036	
56663172	CHEMBL1796247	0	0	0	0	0.344	0	0	0	0.017	
56663174	SureCN2061314	0	0	0	0	0.709	0	0	0	0.035	
56663314	SureCN3314818	0	0	0	0	0.285	0	0	0	0.014	
56663565	SureCN3315533	0	0	0	0	0.63	0	0	0	0.032	
56665092	SureCN3712748	0	0	0	0	0.215	0	0	0	0.011	
56665102	CHEMBL1822546	0	0	0	0	0.462	0	0	0	0.023	
56666415	SureCN1909234	0	0	0	0	0.028	0	0	0	0.001	
56666620	SureCN2061497	0	0	0	0	0.448	0	0	0	0.022	
56666742	SureCN3313385	0	0	0	0	0.26	0	0	0	0.013	
56667011	SureCN3314572	0	0	0	0	0.675	0	0	0	0.034	
56667012	SureCN3316405	0	0	0	0	0.744	0	0	0	0.037	
56668539	SureCN3785226	0	0	0	0	0.69	0	0	0	0.034	
56669833	SureCN1909064	0	0	0	0	0.397	0	0	0	0.02	
56670458	SureCN3312988	0	0	0	0	0.269	0	0	0	0.013	
56670459	SureCN3313325	0	0	0	0	0.335	0	0	0	0.017	
56670460	SureCN3315928	0	0	0	0	0.301	0	0	0	0.015	
56670461	SureCN3317305	0	0	0	0	0.489	0	0	0	0.024	
56673317	SureCN1909131	0	0	0	0	0.062	0	0	0	0.003	
56673319	CHEMBL1801303	0	0	0	0	0.397	0	0	0	0.02	
56673341	SureCN6473468	0	0	0	0	0.08	0	0	0	0.004	
56673546	SureCN989953	0	0	0	0	0.103	0	0	0	0.005	
56673813	CHEMBL1823248	0	0	0	0	0.055	0	0	0	0.003	
56673818	CHEMBL1836487	0	0	0	0	0.478	0	0	0	0.024	
56673947	SureCN3311211	0	0	0	0	0.489	0	0	0	0.024	
56675430	CHEMBL1822556	0	0	0	0	0.502	0	0	0	0.025	
56676612	CHEMBL1801088	0	0	0	0	0.369	0	0	0	0.018	
56676664	SureCN3578007	0	0	0	0	0.321	0	0	0	0.016	
56676665	SureCN3574364	0	0	0	0	0.173	0	0	0	0.009	
56676868	CHEMBL1796249	0	0	0	0	0.016	0	0	0	0.001	
56676869	SureCN2060419	0	0	0	0	0.709	0	0	0	0.035	
56677003	SureCN3313858	0	0	0	0	0.405	0	0	0	0.02	
56677275	SureCN3315778	0	0	0	0	0.082	0	0	0	0.004	
56677276	SureCN3315995	0	0	0	0	0.711	0	0	0	0.036	
56678523	CHEMBL1822973	0	0	0	0	0.237	0	0	0	0.012	
56679979	CHEMBL1801307	0	0	0	0	0.165	0	0	0	0.008	
56680202	SureCN1041832	0	0	0	0	0.789	0	0	0	0.039	
56683315	SureCN1908930	0	0	0	0	0.202	0	0	0	0.01	
56683526	SureCN2061918	0	0	0	0	0.016	0	0	0	0.001	
56683543	SureCN988858	0	0	0	0	0.842	0	0	0	0.042	
56683652	SureCN3313841	0	0	0	0	0.119	0	0	0	0.006	
56683655	SureCN3316039	0	0	0	0	0.405	0	0	0	0.02	
56683656	SureCN3313149	0	0	0	0	0.184	0	0	0	0.009	
56683908	SureCN3313275	0	0	0	0	0.744	0	0	0	0.037	
56833637	SureCN1042251	0	0	0	0	0.905	0	0	0	0.045	
56833638	SureCN989160	0	0	0	0	0.264	0	0	0	0.013	
56833639	SureCN988690	0	0	0	0	0.017	0	0	0	0.001	
56833740	CHEMBL1950038	0	0	0	0	0.513	0	0	0	0.026	
56834674	CHEMBL1916524	0	0	0	0	0.121	0	0	0	0.006	
56834763	CHEMBL1916529	0	0	0	0	0.529	0	0	0	0.026	
56835062	SureCN521614	0	0	0	0	0.25	0	0	0	0.013	
56934854	CHEMBL1914657	0	0	0	0	0.146	0	0	0	0.007	
56934977	CHEMBL1914659	0	0	0	0	0.377	0	0	0	0.019	
56935106	CHEMBL1914666	0	0	0	0	0.378	0	0	0	0.019	
56945119	SureCN1345389	0	0	0	0	0.233	0	0	0	0.012	
56945172	CHEMBL1945172	0	0	0	0	0.685	0	0	0	0.034	
56945271	CHEMBL1945500	0	0	0	0	0.392	0	0	0	0.02	
56945272	CHEMBL1945501	0	0	0	0	0.008	0	0	0	0	
56945274	CHEMBL1945801	0	0	0	0	0.404	0	0	0	0.02	
56945276	CHEMBL1945170	0	0	0	0	0.409	0	0	0	0.02	
56945394	SureCN521561	0	0	0	0	0.827	0	0	0	0.041	
56945491	SureCN522506	0	0	0	0	0.731	0	0	0	0.037	
56945493	CHEMBL2158525	0	0	0	0	0.149	0	0	0	0.007	
56945494	SureCN520523	0	0	0	0	0.4	0	0	0	0.02	
56945847	SureCN521851	0	0	0	0	0.74	0	0	0	0.037	
56946379	CHEMBL1946150	0	0	0	0	0.679	0	0	0	0.034	
56966199	CHEMBL2047988	0	0	0	0	0.538	0	0	0	0.027	
57325421	SureCN2061951	0	0	0	0.036	0.923	0	0	0	0.048	
57390292	CHEMBL1915434	0	0	0	0	0.2	0	0	0	0.01	
57391252	CHEMBL1940982	0	0	0	0	0.854	0	0	0	0.043	
57391415	CHEMBL1957652	0	0	0	0	0.508	0	0	0	0.025	
57391416	CHEMBL1957661	0	0	0	0	0.42	0	0	0	0.021	
57391625	CHEMBL1952115	0	0	0	0	0.631	0	0	0	0.032	
57392519	SureCN1648742	0	0	0	0	0.177	0	0	0	0.009	
57393183	CHEMBL1957668	0	0	0	0	0.201	0	0	0	0.01	
57393214	SureCN3043703	0	0	0	0	0.361	0	0	0	0.018	
57393367	CHEMBL1952127	0	0	0	0	0.035	0	0	0	0.002	
57393368	CHEMBL1952131	0	0	0	0	0.638	0	0	0	0.032	
57393824	CHEMBL1915447	0	0	0	0	0.626	0	0	0	0.031	
57394905	CHEMBL1957662	0	0	0	0	0.271	0	0	0	0.014	
57394906	CHEMBL1957672	0	0	0	0	0.128	0	0	0	0.006	
57395088	CHEMBL1952130	0	0	0	0	0.63	0	0	0	0.032	
57395253	CHEMBL1933149	0	0	0	0	0.085	0	0	0	0.004	
57396000	SureCN1649566	0	0	0	0	0.195	0	0	0	0.01	
57396001	SureCN1649581	0	0	0	0	0.195	0	0	0	0.01	
57396415	CHEMBL1940988	0	0	0	0	0.415	0	0	0	0.021	
57396858	CHEMBL1952136	0	0	0	0	0.185	0	0	0	0.009	
57397435	CHEMBL1915633	0	0	0	0	0.731	0	0	0	0.037	
57397802	SureCN1649569	0	0	0	0	0.363	0	0	0	0.018	
57397862	CHEMBL1923216	0	0	0	0	0.688	0	0	0	0.034	
57398214	CHEMBL1940984	0	0	0	0	0.95	0	0	0	0.048	
57398622	CHEMBL1952114	0	0	0	0	0.159	0	0	0	0.008	
57398623	CHEMBL1952119	0	0	0	0	0.738	0	0	0	0.037	
57398624	CHEMBL1952137	0	0	0	0	0.443	0	0	0	0.022	
57398853	CHEMBL1258603	0	0	0	0	0.486	0	0	0	0.024	
57399464	SureCN1648117	0	0	0	0	0.549	0	0	0	0.027	
57400097	CHEMBL1957653	0	0	0	0	0.637	0	0	0	0.032	
57400098	CHEMBL1957654	0	0	0	0	0.629	0	0	0	0.031	
57400171	CHEMBL1922598	0	0	0	0	0.61	0	0	0	0.03	
57400283	CHEMBL1952116	0	0	0	0	0.488	0	0	0	0.024	
57400284	CHEMBL1952121	0	0	0	0	0.671	0	0	0	0.034	
57400285	CHEMBL1952122	0	0	0	0	0.661	0	0	0	0.033	
57400286	CHEMBL1952123	0	0	0	0	0.553	0	0	0	0.028	
57400298	CHEMBL1922128	0	0	0	0	0.288	0	0	0	0.014	
57400299	CHEMBL1922133	0	0	0	0	0.55	0	0	0	0.028	
57400580	CHEMBL1928565	0	0	0	0	0.537	0	0	0	0.027	
57400790	CHEMBL1915439	0	0	0	0	0.251	0	0	0	0.013	
57400855	CHEMBL1915640	0	0	0	0	0.267	0	0	0	0.013	
57401230	SureCN1647289	0	0	0	0	0.42	0	0	0	0.021	
57401363	SureCN521533	0	0	0	0	0.029	0	0	0	0.001	
57401959	CHEMBL1922600	0	0	0	0	0.657	0	0	0	0.033	
57402076	CHEMBL1952129	0	0	0	0	0.035	0	0	0	0.002	
57402100	SureCN1647662	0	0	0	0	0.303	0	0	0	0.015	
57402103	CHEMBL1922135	0	0	0	0	0.086	0	0	0	0.004	
57403370	SureCN1344988	0	0	0	0	0.882	0	0	0	0.044	
57403371	SureCN1345725	0	0	0	0	0.144	0	0	0	0.007	
57403470	SureCN1345046	0	0	0	0	0.264	0	0	0	0.013	
57403623	CHEMBL1957669	0	0	0	0	0.455	0	0	0	0.023	
57403844	CHEMBL1952120	0	0	0	0	0.925	0	0	0	0.046	
57403855	CHEMBL1922142	0	0	0	0	0.076	0	0	0	0.004	
5743	dexamethasone	0	0	0	0	0	0	0.848	0	0.63	
5746	mitomycin C	0	0	0	0	0	0	0	0	0	
57522736	CHEMBL2064662	0	0	0	0	0.936	0	0	0	0.047	
57522737	CHEMBL2064663	0	0	0	0	0.936	0	0	0	0.047	
57522850	SureCN2061702	0	0	0	0	0.923	0	0	0	0.046	
5754	cortisol	0	0	0	0	0	0	0.823	0	0.611	
58189559	CHEMBL2017341	0	0	0	0	0.302	0	0	0	0.015	
58191080	SureCN6524539	0	0	0	0	0.557	0	0	0	0.028	
58191081	SureCN6520689	0	0	0	0	0.356	0	0	0	0.018	
5833	spironolactone	0	0	0	0	0	0	0.157	0	0.117	
58395421	CHEMBL2152425	0	0	0	0	0.356	0	0	0	0.018	
58458198	SureCN2510258	0	0	0	0	0.641	0	0	0	0.032	
58458267	SureCN2267773	0	0	0	0	0.601	0	0	0	0.03	
58458278	SureCN2261487	0	0	0	0	0.394	0	0	0	0.02	
58458379	SureCN2262964	0	0	0	0	0.491	0	0	0	0.025	
58902644	SureCN5482253	0	0	0	0	0.096	0	0	0	0.005	
59258834	SureCN3330708	0	0	0	0	0.563	0	0	0	0.028	
59258852	SureCN1983446	0	0	0	0	0.623	0	0	0	0.031	
59258944	SureCN3327971	0	0	0	0	0.028	0	0	0	0.001	
59406184	SureCN2992899	0	0	0	0	0.142	0	0	0	0.007	
59406262	SureCN2982592	0	0	0	0	0.133	0	0	0	0.007	
59406271	SureCN2986194	0	0	0	0	0.601	0	0	0	0.03	
59503510	CHEMBL2022712	0	0	0	0	0.288	0	0	0	0.014	
59503511	CHEMBL2022119	0	0	0	0	0.193	0	0	0	0.01	
59503599	CHEMBL2022709	0	0	0	0	0.755	0	0	0	0.038	
59503615	CHEMBL2022368	0	0	0	0	0.336	0	0	0	0.017	
59503744	CHEMBL2022369	0	0	0	0	0.051	0	0	0	0.003	
5957	adenosine triphosphate	0	0	0	0	0	0	0.082	0	0.061	
59670989	SureCN192515	0	0	0	0	0.802	0	0	0	0.04	
59671004	SureCN193125	0	0	0	0	0.581	0	0	0	0.029	
59671085	SureCN191491	0	0	0	0	0.452	0	0	0	0.023	
59671148	SureCN191553	0	0	0	0	0.657	0	0	0	0.033	
59671179	SureCN191124	0	0	0	0	0.175	0	0	0	0.009	
59671180	SureCN192743	0	0	0	0	0.501	0	0	0	0.025	
59744417	SureCN3418300	0	0	0	0	0.459	0	0	0	0.023	
5994	progesterone	0	0	0	0	0	0	0.141	0	0.105	
6013	testosterone	0	0	0	0	0	0	0.766	0	0.569	
60154343	SureCN4038423	0	0	0	0	0.009	0	0	0	0	
60154736	CHEMBL2152283	0	0	0	0	0.341	0	0	0	0.017	
60155126	CHEMBL2148107	0	0	0	0	0.006	0	0	0	0	
60155209	CHEMBL2148108	0	0	0	0	0.006	0	0	0	0	
60156100	CHEMBL2152275	0	0	0	0	0.299	0	0	0	0.015	
60166988	CHEMBL2152945	0	0	0	0	0.319	0	0	0	0.016	
60166989	SureCN2317718	0	0	0	0	0.437	0	0	0	0.022	
60167140	CHEMBL2152959	0	0	0	0	0.525	0	0	0	0.026	
60837	irinotecan	0	0	0	0	0	0	0	0	0	
60961	adenosine	0	0	0	0	0	0	0.037	0	0.027	
61671	vanadyl	0	0	0	0	0	0	0.014	0	0.01	
6197	cycloheximide	0	0	0	0	0	0	0.793	0	0.589	
6419741	I gr	0	0	0	0	0	0	0.024	0	0.018	
6419764	IDR-E804	0	0	0	0	0	0	0.316	0	0.235	
6419957	streptomycin	0	0	0	0	0	0	0.015	0	0.011	
6503	tris	0	0	0	0	0	0	0.1	0	0.074	
6520576	AC1O76QB	0	0	0	0	0.003	0	0	0	0	
6539062	AC1O6Z2B	0	0	0	0	0.865	0	0	0	0.043	
6539063	AC1O6Z2D	0	0	0	0	0.071	0	0	0	0.004	
6539103	AC1O6Z4L	0	0	0	0	0.41	0	0	0	0.02	
6539104	AC1O6Z4N	0	0	0	0	0.874	0	0	0	0.044	
6539105	AC1O6Z4P	0	0	0	0	0.305	0	0	0	0.015	
6539108	AC1O6Z4V	0	0	0	0	0.617	0	0	0	0.031	
6539112	AC1O6Z53	0	0	0	0	0.227	0	0	0	0.011	
6539115	AC1O6Z59	0	0	0	0	0.067	0	0	0	0.003	
6539120	AC1O6Z5J	0	0	0	0	0.143	0	0	0	0.007	
6539128	AC1O6Z5Z	0	0	0	0	0.397	0	0	0	0.02	
6539129	AC1O6Z61	0	0	0	0	0.512	0	0	0	0.026	
6539540	AC1O6ZSO	0	0	0	0	0.444	0	0	0	0.022	
6539614	AC1O6ZWS	0	0	0	0	0.917	0	0	0	0.046	
6539616	AC1O6ZWW	0	0	0	0	0.182	0	0	0	0.009	
67161433	SureCN1789398	0	0	0	0	0.316	0	0	0	0.016	
67161792	SureCN1790192	0	0	0	0	0.219	0	0	0	0.011	
67162897	SureCN4923142	0	0	0	0	0.237	0	0	0	0.012	
67263749	SureCN2061044	0	0	0	0	0.882	0	0	0	0.044	
67263935	SureCN2061372	0	0	0	0	0.91	0	0	0	0.045	
67264228	SureCN2061867	0	0	0	0	0.814	0	0	0	0.041	
67264246	SureCN2061896	0	0	0	0	0.886	0	0	0	0.044	
67264510	SureCN2062368	0	0	0	0	0.952	0	0	0	0.048	
674305	AC1LDS3I	0	0	0	0	0.026	0	0	0	0.001	
679	DMSO	0	0	0	0	0	0	0.014	0	0.01	
68749727	SureCN3700310	0	0	0	0	0.389	0	0	0	0.019	
68777669	SureCN3765249	0	0	0	0	0.526	0	0	0	0.026	
68779704	SureCN3771211	0	0	0	0	0.209	0	0	0	0.01	
6918852	CC270	0	0	0	0	0	0	0	0	0	
69452226	SureCN5465562	0	0	0	0	0.32	0	0	0	0.016	
69453501	SureCN5469267	0	0	0	0	0.14	0	0	0	0.007	
69453791	SureCN5470119	0	0	0	0	0.24	0	0	0	0.012	
69457006	SureCN5478936	0	0	0	0	0.232	0	0	0	0.012	
69457015	SureCN5478968	0	0	0	0	0.014	0	0	0	0.001	
702	ethanol	0	0	0	0	0	0	0.715	0	0.531	
70675988	CHEMBL2177388	0	0	0	0	0.553	0	0	0	0.028	
70676312	CHEMBL2177368	0	0	0	0	0.42	0	0	0	0.021	
70676463	CHEMBL2178597	0	0	0	0	0.329	0	0	0	0.016	
70681746	CHEMBL2036008	0	0	0	0	0.843	0	0	0	0.042	
70681992	CHEMBL2047966	0	0	0	0	0.422	0	0	0	0.021	
70683853	CHEMBL2036011	0	0	0	0	0.319	0	0	0	0.016	
70684314	CHEMBL2062579	0	0	0	0	0.817	0	0	0	0.041	
70684808	CHEMBL2087668	0	0	0	0	0.598	0	0	0	0.03	
70685550	CHEMBL2022376	0	0	0	0	0.399	0	0	0	0.02	
70685638	CHEMBL2023841	0.345	0	0	0	0.774	0	0	0.541	0.458	
70685991	CHEMBL2036007	0	0	0	0	0.675	0	0	0	0.034	
70685992	CHEMBL2036009	0	0	0	0	0.179	0	0	0	0.009	
70686968	CHEMBL2087670	0	0	0	0	0.762	0	0	0	0.038	
70687792	CHEMBL2023845	0	0	0	0.372	0	0	0	0	0.019	
70692073	CHEMBL2029177	0	0	0	0	0.293	0	0	0	0.015	
70692306	CHEMBL2036006	0	0	0	0	0.939	0	0	0	0.047	
70692558	CHEMBL2047962	0	0	0	0	0.023	0	0	0	0.001	
70695757	CHEMBL2011920	0	0	0	0	0.387	0	0	0	0.019	
70695826	CHEMBL2012846	0	0	0	0	0.161	0	0	0	0.008	
70696546	CHEMBL2042695	0	0	0	0	0.055	0	0	0	0.003	
70697354	CHEMBL2087657	0	0	0	0	0.375	0	0	0	0.019	
70789751	V-E-K	0	0	0	0	0.589	0	0	0	0.029	
71074152	CHEMBL2177725	0	0	0	0	0.614	0	0	0	0.031	
71450398	CHEMBL2204065	0	0	0	0	0.698	0	0	0	0.035	
71450452	CHEMBL2204778	0	0	0	0	0.818	0	0	0	0.041	
71450453	CHEMBL2204782	0	0	0	0	0.663	0	0	0	0.033	
71450782	CHEMBL2216857	0	0	0	0	0.468	0	0	0	0.023	
71452282	CHEMBL2204785	0	0	0	0	0.073	0	0	0	0.004	
71452283	CHEMBL2204787	0	0	0	0	0.574	0	0	0	0.029	
71452284	CHEMBL2204794	0	0	0	0	0.56	0	0	0	0.028	
71452608	CHEMBL2216832	0	0	0	0	0.43	0	0	0	0.021	
71454002	CHEMBL2203772	0	0	0	0	0.28	0	0	0	0.014	
71454033	CHEMBL2204066	0	0	0	0	0.458	0	0	0	0.023	
71454035	CHEMBL2204068	0	0	0	0	0.953	0	0	0	0.048	
71454037	CHEMBL2204073	0	0	0	0	0.348	0	0	0	0.017	
71454328	CHEMBL2208015	0	0	0	0	0.794	0	0	0	0.04	
71454499	CHEMBL2113065	0	0	0	0	0.532	0	0	0	0.027	
71455817	CHEMBL2204784	0	0	0	0	0.715	0	0	0	0.036	
71455818	CHEMBL2204788	0	0	0	0	0.632	0	0	0	0.032	
71455860	CHEMBL2205426	0	0	0	0	0	0	0.584	0.031	0.443	
71456036	CHEMBL2207509	0	0	0	0	0.158	0	0	0	0.008	
71459442	CHEMBL2204072	0	0	0	0	0.728	0	0	0	0.036	
71459445	CHEMBL2204075	0	0	0	0	0.827	0	0	0	0.041	
71459500	CHEMBL2204776	0	0	0	0	0.902	0	0	0	0.045	
71459502	CHEMBL2204781	0	0	0	0	0.411	0	0	0	0.021	
71459503	CHEMBL2203302	0	0	0	0	0.663	0	0	0	0.033	
71459692	CHEMBL2206629	0	0	0	0	0.808	0	0	0	0.04	
71459751	CHEMBL2207511	0	0	0	0	0.664	0	0	0	0.033	
71460129	CHEMBL2147551	0	0	0	0	0.37	0	0	0	0.018	
71461167	CHEMBL2203768	0	0	0	0	0.529	0	0	0	0.026	
71461242	CHEMBL2204790	0	0	0	0	0.298	0	0	0	0.015	
71461243	CHEMBL2204791	0	0	0	0	0.821	0	0	0	0.041	
71461405	CHEMBL2206628	0	0	0	0	0.232	0	0	0	0.012	
71462927	CHEMBL2204067	0	0	0	0	0.769	0	0	0	0.038	
71462973	CHEMBL2204793	0	0	0	0	0.524	0	0	0	0.026	
71463199	CHEMBL2207508	0	0	0	0	0.541	0	0	0	0.027	
72425	teleocidin B	0	0	0	0	0.054	0	0	0	0.003	
75436	NSC 9301	0	0	0	0	0.208	0	0	0	0.01	
770920	AC1LGGTS	0	0	0	0	0.272	0	0	0	0.014	
77998	rosiglitazone	0	0	0	0	0	0	0.782	0	0.581	
8515	SP600125	0	0	0	0	0	0	0.743	0	0.552	
9549301	RGB-286147	0	0	0	0	0.144	0	0	0	0.007	
9802111	SureCN937402	0	0	0	0	0.429	0	0	0	0.021	
9802514	SureCN7085779	0	0	0	0	0.173	0	0	0	0.009	
9808844	telatinib	0	0	0	0	0.301	0	0	0	0.015	
9818220	CHEMBL79920	0	0	0	0	0.398	0	0	0	0.02	
9819877	SureCN668459	0	0	0	0	0.14	0	0	0	0.007	
9822928	SureCN6437389	0	0	0	0	0.473	0	0	0	0.024	
9843775	Q-G-G	0	0	0	0	0.705	0	0	0	0.035	
9845718	SureCN2083892	0	0	0	0	0.123	0	0	0	0.006	
9858505	SureCN6590368	0	0	0	0	0.133	0	0	0	0.007	
9868139	SureCN4914492	0	0	0	0	0.379	0	0	0	0.019	
9869773	CHEBI:315431	0	0	0	0.018	0	0	0	0	0.001	
9869943	LS-77924	0	0	0	0	0	0	0	0.001	0.001	
9885165	CHEMBL1088012	0	0	0	0	0.292	0	0	0	0.015	
9889848	SureCN5733377	0	0	0	0	0.427	0	0	0	0.021	
9889980	Ro-32-0557	0	0	0	0.012	0	0	0	0	0.001	
9903151	CHEBI:406528	0	0	0	0	0.869	0	0	0	0.043	
9909170	SureCN5733076	0	0	0	0	0.238	0	0	0	0.012	
9917045	SureCN4092237	0	0	0	0	0.478	0	0	0	0.024	
9924643	CHEBI:406683	0	0	0	0	0.867	0	0	0	0.043	
9925230	SureCN2203163	0	0	0	0	0.555	0	0	0	0.028	
9930716	SureCN6437186	0	0	0	0	0.758	0	0	0	0.038	
9931765	SureCN5733797	0	0	0	0	0.341	0	0	0	0.017	
9934897	CHEBI:198282	0	0	0	0	0.905	0	0	0	0.045	
9947841	Jak3 inhibitor VI	0	0	0	0	0	0	0.726	0	0.539	
9948658	SureCN8487741	0	0	0	0	0.029	0	0	0	0.001	
9950385	SureCN667897	0	0	0	0	0.337	0	0	0	0.017	
9952109	UK-371804	0	0	0	0	0.728	0	0	0	0.036	
9954785	SureCN5743898	0	0	0	0	0.52	0	0	0	0.026	
9962496	CHEBI:604164	0	0	0	0	0.624	0	0	0	0.031	
9980480	CHEBI:279292	0	0	0	0	0.353	0	0	0	0.018	
9987251	CHEMBL80844	0	0	0	0	0.097	0	0	0	0.005	
9988610	CHEBI:283365	0	0	0	0	0.693	0	0	0	0.035	
9993058	SureCN5473350	0	0	0	0	0.351	0	0	0	0.018	
